#FORMAT      : EMSA/MAS Spectral Data File
#VERSION     : 1.0
#TITLE       : Spectrum 1
#DATE        : 04-JAN-2022
#TIME        : 13:21
#OWNER       : 
#NPOINTS     : 2048.0
#NCOLUMNS    : 1.0
#XUNITS      : keV
#YUNITS      : counts
#DATATYPE    : XY
#XPERCHAN    : 0.01
#OFFSET      : -0.2
#SIGNALTYPE  : EDS
#CHOFFSET    : 20.0
#LIVETIME    : 40.0
#REALTIME    : 41.943019867
#BEAMKV      : 20.0
#MAGCAM      : 500.0
#XTILTSTGE   : 0.0
#AZIMANGLE   : 0.0
#ELEVANGLE   : 35.0
#XPOSITION mm: -8.1984
#YPOSITION mm: 1.1637
#ZPOSITION mm: 10.0000
##OXINSTPT   : 4
##OXINSTSTROB: 43.49
##OXINSTNDET : 1
##OXINSTELEMS: 6,25,26,8,16,14,24
##OXINSTLABEL: 6, 0.277, C
##OXINSTLABEL: 25, 5.899, Mn
##OXINSTLABEL: 25, 6.490, Mn
##OXINSTLABEL: 25, 0.636, Mn
##OXINSTLABEL: 25, 0.556, Mn
##OXINSTLABEL: 26, 6.404, Fe
##OXINSTLABEL: 26, 7.058, Fe
##OXINSTLABEL: 26, 0.703, Fe
##OXINSTLABEL: 26, 0.615, Fe
##OXINSTLABEL: 8, 0.525, O
##OXINSTLABEL: 16, 2.308, S
##OXINSTLABEL: 16, 2.464, S
##OXINSTLABEL: 14, 1.740, Si
##OXINSTLABEL: 24, 5.415, Cr
##OXINSTLABEL: 24, 5.947, Cr
##OXINSTLABEL: 24, 0.573, Cr
##OXINSTLABEL: 24, 0.500, Cr
#SPECTRUM    : Spectral Data Starts Here
-0.20000, 0.0
-0.19000, 0.0
-0.18000, 0.0
-0.17000, 0.0
-0.16000, 0.0
-0.15000, 0.0
-0.14000, 0.0
-0.13000, 0.0
-0.12000, 0.0
-0.11000, 0.0
-0.10000, 0.0
-0.09000, 0.0
-0.08000, 0.0
-0.07000, 0.0
-0.06000, 0.0
-0.05000, 8.0
-0.04000, 44.0
-0.03000, 134.0
-0.02000, 341.0
-0.01000, 686.0
0.00000, 1044.0
0.01000, 1382.0
0.02000, 1700.0
0.03000, 1853.0
0.04000, 1786.0
0.05000, 1472.0
0.06000, 1005.0
0.07000, 551.0
0.08000, 293.0
0.09000, 162.0
0.10000, 122.0
0.11000, 106.0
0.12000, 108.0
0.13000, 105.0
0.14000, 104.0
0.15000, 93.0
0.16000, 98.0
0.17000, 130.0
0.18000, 122.0
0.19000, 131.0
0.20000, 164.0
0.21000, 163.0
0.22000, 213.0
0.23000, 322.0
0.24000, 460.0
0.25000, 658.0
0.26000, 906.0
0.27000, 1020.0
0.28000, 1004.0
0.29000, 853.0
0.30000, 583.0
0.31000, 370.0
0.32000, 225.0
0.33000, 151.0
0.34000, 136.0
0.35000, 153.0
0.36000, 170.0
0.37000, 187.0
0.38000, 208.0
0.39000, 249.0
0.40000, 240.0
0.41000, 236.0
0.42000, 259.0
0.43000, 269.0
0.44000, 298.0
0.45000, 318.0
0.46000, 367.0
0.47000, 446.0
0.48000, 576.0
0.49000, 765.0
0.50000, 1025.0
0.51000, 1223.0
0.52000, 1441.0
0.53000, 1436.0
0.54000, 1334.0
0.55000, 1161.0
0.56000, 1111.0
0.57000, 1193.0
0.58000, 1520.0
0.59000, 2010.0
0.60000, 2473.0
0.61000, 2900.0
0.62000, 3067.0
0.63000, 2945.0
0.64000, 2689.0
0.65000, 2639.0
0.66000, 3004.0
0.67000, 3965.0
0.68000, 5323.0
0.69000, 6818.0
0.70000, 7630.0
0.71000, 7587.0
0.72000, 6578.0
0.73000, 4985.0
0.74000, 3434.0
0.75000, 2016.0
0.76000, 1140.0
0.77000, 654.0
0.78000, 406.0
0.79000, 271.0
0.80000, 238.0
0.81000, 224.0
0.82000, 174.0
0.83000, 187.0
0.84000, 162.0
0.85000, 148.0
0.86000, 142.0
0.87000, 149.0
0.88000, 162.0
0.89000, 158.0
0.90000, 153.0
0.91000, 150.0
0.92000, 170.0
0.93000, 175.0
0.94000, 186.0
0.95000, 183.0
0.96000, 181.0
0.97000, 182.0
0.98000, 180.0
0.99000, 162.0
1.00000, 170.0
1.01000, 159.0
1.02000, 186.0
1.03000, 186.0
1.04000, 179.0
1.05000, 185.0
1.06000, 191.0
1.07000, 200.0
1.08000, 190.0
1.09000, 191.0
1.10000, 201.0
1.11000, 199.0
1.12000, 220.0
1.13000, 217.0
1.14000, 213.0
1.15000, 214.0
1.16000, 209.0
1.17000, 214.0
1.18000, 204.0
1.19000, 216.0
1.20000, 207.0
1.21000, 235.0
1.22000, 246.0
1.23000, 234.0
1.24000, 221.0
1.25000, 252.0
1.26000, 243.0
1.27000, 245.0
1.28000, 245.0
1.29000, 257.0
1.30000, 230.0
1.31000, 242.0
1.32000, 239.0
1.33000, 252.0
1.34000, 265.0
1.35000, 242.0
1.36000, 258.0
1.37000, 276.0
1.38000, 262.0
1.39000, 253.0
1.40000, 226.0
1.41000, 250.0
1.42000, 242.0
1.43000, 262.0
1.44000, 265.0
1.45000, 270.0
1.46000, 277.0
1.47000, 268.0
1.48000, 267.0
1.49000, 286.0
1.50000, 272.0
1.51000, 267.0
1.52000, 265.0
1.53000, 273.0
1.54000, 280.0
1.55000, 260.0
1.56000, 249.0
1.57000, 242.0
1.58000, 276.0
1.59000, 253.0
1.60000, 296.0
1.61000, 281.0
1.62000, 282.0
1.63000, 266.0
1.64000, 277.0
1.65000, 266.0
1.66000, 251.0
1.67000, 271.0
1.68000, 289.0
1.69000, 296.0
1.70000, 344.0
1.71000, 367.0
1.72000, 371.0
1.73000, 384.0
1.74000, 428.0
1.75000, 411.0
1.76000, 406.0
1.77000, 379.0
1.78000, 349.0
1.79000, 326.0
1.80000, 337.0
1.81000, 335.0
1.82000, 316.0
1.83000, 308.0
1.84000, 277.0
1.85000, 280.0
1.86000, 306.0
1.87000, 305.0
1.88000, 301.0
1.89000, 264.0
1.90000, 305.0
1.91000, 286.0
1.92000, 300.0
1.93000, 272.0
1.94000, 279.0
1.95000, 305.0
1.96000, 306.0
1.97000, 293.0
1.98000, 297.0
1.99000, 289.0
2.00000, 303.0
2.01000, 297.0
2.02000, 324.0
2.03000, 298.0
2.04000, 312.0
2.05000, 294.0
2.06000, 315.0
2.07000, 303.0
2.08000, 281.0
2.09000, 294.0
2.10000, 305.0
2.11000, 282.0
2.12000, 284.0
2.13000, 291.0
2.14000, 298.0
2.15000, 305.0
2.16000, 289.0
2.17000, 295.0
2.18000, 269.0
2.19000, 309.0
2.20000, 287.0
2.21000, 306.0
2.22000, 305.0
2.23000, 282.0
2.24000, 289.0
2.25000, 296.0
2.26000, 323.0
2.27000, 339.0
2.28000, 339.0
2.29000, 355.0
2.30000, 387.0
2.31000, 370.0
2.32000, 353.0
2.33000, 344.0
2.34000, 360.0
2.35000, 357.0
2.36000, 328.0
2.37000, 313.0
2.38000, 322.0
2.39000, 301.0
2.40000, 307.0
2.41000, 265.0
2.42000, 275.0
2.43000, 284.0
2.44000, 292.0
2.45000, 296.0
2.46000, 300.0
2.47000, 280.0
2.48000, 284.0
2.49000, 307.0
2.50000, 293.0
2.51000, 291.0
2.52000, 274.0
2.53000, 282.0
2.54000, 298.0
2.55000, 288.0
2.56000, 294.0
2.57000, 297.0
2.58000, 300.0
2.59000, 305.0
2.60000, 321.0
2.61000, 319.0
2.62000, 299.0
2.63000, 307.0
2.64000, 323.0
2.65000, 298.0
2.66000, 285.0
2.67000, 303.0
2.68000, 310.0
2.69000, 278.0
2.70000, 274.0
2.71000, 280.0
2.72000, 311.0
2.73000, 294.0
2.74000, 281.0
2.75000, 310.0
2.76000, 301.0
2.77000, 271.0
2.78000, 294.0
2.79000, 284.0
2.80000, 301.0
2.81000, 264.0
2.82000, 281.0
2.83000, 282.0
2.84000, 301.0
2.85000, 284.0
2.86000, 281.0
2.87000, 284.0
2.88000, 280.0
2.89000, 252.0
2.90000, 290.0
2.91000, 291.0
2.92000, 279.0
2.93000, 290.0
2.94000, 274.0
2.95000, 273.0
2.96000, 297.0
2.97000, 277.0
2.98000, 283.0
2.99000, 276.0
3.00000, 271.0
3.01000, 281.0
3.02000, 278.0
3.03000, 268.0
3.04000, 260.0
3.05000, 281.0
3.06000, 274.0
3.07000, 285.0
3.08000, 268.0
3.09000, 264.0
3.10000, 260.0
3.11000, 257.0
3.12000, 283.0
3.13000, 295.0
3.14000, 280.0
3.15000, 267.0
3.16000, 271.0
3.17000, 262.0
3.18000, 265.0
3.19000, 268.0
3.20000, 266.0
3.21000, 293.0
3.22000, 290.0
3.23000, 277.0
3.24000, 272.0
3.25000, 262.0
3.26000, 271.0
3.27000, 253.0
3.28000, 259.0
3.29000, 256.0
3.30000, 253.0
3.31000, 251.0
3.32000, 253.0
3.33000, 271.0
3.34000, 274.0
3.35000, 245.0
3.36000, 253.0
3.37000, 275.0
3.38000, 286.0
3.39000, 262.0
3.40000, 261.0
3.41000, 269.0
3.42000, 253.0
3.43000, 250.0
3.44000, 255.0
3.45000, 247.0
3.46000, 267.0
3.47000, 256.0
3.48000, 233.0
3.49000, 260.0
3.50000, 251.0
3.51000, 231.0
3.52000, 246.0
3.53000, 254.0
3.54000, 237.0
3.55000, 266.0
3.56000, 246.0
3.57000, 238.0
3.58000, 259.0
3.59000, 268.0
3.60000, 267.0
3.61000, 264.0
3.62000, 266.0
3.63000, 244.0
3.64000, 254.0
3.65000, 250.0
3.66000, 237.0
3.67000, 267.0
3.68000, 263.0
3.69000, 256.0
3.70000, 256.0
3.71000, 237.0
3.72000, 244.0
3.73000, 232.0
3.74000, 231.0
3.75000, 251.0
3.76000, 263.0
3.77000, 237.0
3.78000, 215.0
3.79000, 243.0
3.80000, 206.0
3.81000, 238.0
3.82000, 220.0
3.83000, 259.0
3.84000, 252.0
3.85000, 240.0
3.86000, 237.0
3.87000, 235.0
3.88000, 244.0
3.89000, 242.0
3.90000, 238.0
3.91000, 257.0
3.92000, 242.0
3.93000, 238.0
3.94000, 250.0
3.95000, 255.0
3.96000, 229.0
3.97000, 213.0
3.98000, 248.0
3.99000, 236.0
4.00000, 223.0
4.01000, 220.0
4.02000, 208.0
4.03000, 240.0
4.04000, 221.0
4.05000, 203.0
4.06000, 220.0
4.07000, 224.0
4.08000, 194.0
4.09000, 225.0
4.10000, 241.0
4.11000, 201.0
4.12000, 220.0
4.13000, 212.0
4.14000, 220.0
4.15000, 222.0
4.16000, 246.0
4.17000, 247.0
4.18000, 233.0
4.19000, 253.0
4.20000, 216.0
4.21000, 232.0
4.22000, 216.0
4.23000, 225.0
4.24000, 221.0
4.25000, 221.0
4.26000, 222.0
4.27000, 228.0
4.28000, 207.0
4.29000, 231.0
4.30000, 222.0
4.31000, 221.0
4.32000, 228.0
4.33000, 212.0
4.34000, 222.0
4.35000, 218.0
4.36000, 200.0
4.37000, 199.0
4.38000, 221.0
4.39000, 225.0
4.40000, 233.0
4.41000, 226.0
4.42000, 189.0
4.43000, 220.0
4.44000, 212.0
4.45000, 226.0
4.46000, 208.0
4.47000, 236.0
4.48000, 199.0
4.49000, 204.0
4.50000, 215.0
4.51000, 240.0
4.52000, 218.0
4.53000, 196.0
4.54000, 227.0
4.55000, 199.0
4.56000, 227.0
4.57000, 236.0
4.58000, 229.0
4.59000, 232.0
4.60000, 212.0
4.61000, 236.0
4.62000, 244.0
4.63000, 244.0
4.64000, 230.0
4.65000, 243.0
4.66000, 240.0
4.67000, 252.0
4.68000, 250.0
4.69000, 245.0
4.70000, 236.0
4.71000, 201.0
4.72000, 243.0
4.73000, 221.0
4.74000, 197.0
4.75000, 224.0
4.76000, 194.0
4.77000, 203.0
4.78000, 189.0
4.79000, 198.0
4.80000, 205.0
4.81000, 196.0
4.82000, 182.0
4.83000, 202.0
4.84000, 200.0
4.85000, 201.0
4.86000, 205.0
4.87000, 201.0
4.88000, 201.0
4.89000, 184.0
4.90000, 212.0
4.91000, 218.0
4.92000, 217.0
4.93000, 202.0
4.94000, 204.0
4.95000, 217.0
4.96000, 215.0
4.97000, 212.0
4.98000, 195.0
4.99000, 231.0
5.00000, 206.0
5.01000, 167.0
5.02000, 186.0
5.03000, 198.0
5.04000, 199.0
5.05000, 180.0
5.06000, 171.0
5.07000, 160.0
5.08000, 180.0
5.09000, 187.0
5.10000, 205.0
5.11000, 194.0
5.12000, 204.0
5.13000, 214.0
5.14000, 191.0
5.15000, 166.0
5.16000, 196.0
5.17000, 211.0
5.18000, 190.0
5.19000, 182.0
5.20000, 171.0
5.21000, 177.0
5.22000, 200.0
5.23000, 164.0
5.24000, 181.0
5.25000, 169.0
5.26000, 189.0
5.27000, 186.0
5.28000, 193.0
5.29000, 187.0
5.30000, 184.0
5.31000, 189.0
5.32000, 197.0
5.33000, 181.0
5.34000, 202.0
5.35000, 216.0
5.36000, 230.0
5.37000, 223.0
5.38000, 214.0
5.39000, 210.0
5.40000, 233.0
5.41000, 231.0
5.42000, 239.0
5.43000, 223.0
5.44000, 216.0
5.45000, 230.0
5.46000, 215.0
5.47000, 211.0
5.48000, 190.0
5.49000, 172.0
5.50000, 181.0
5.51000, 187.0
5.52000, 185.0
5.53000, 172.0
5.54000, 175.0
5.55000, 198.0
5.56000, 192.0
5.57000, 182.0
5.58000, 193.0
5.59000, 176.0
5.60000, 168.0
5.61000, 173.0
5.62000, 168.0
5.63000, 161.0
5.64000, 195.0
5.65000, 163.0
5.66000, 170.0
5.67000, 179.0
5.68000, 149.0
5.69000, 178.0
5.70000, 168.0
5.71000, 169.0
5.72000, 157.0
5.73000, 163.0
5.74000, 157.0
5.75000, 178.0
5.76000, 163.0
5.77000, 184.0
5.78000, 202.0
5.79000, 222.0
5.80000, 235.0
5.81000, 240.0
5.82000, 265.0
5.83000, 283.0
5.84000, 314.0
5.85000, 342.0
5.86000, 374.0
5.87000, 403.0
5.88000, 429.0
5.89000, 436.0
5.90000, 456.0
5.91000, 419.0
5.92000, 378.0
5.93000, 353.0
5.94000, 342.0
5.95000, 304.0
5.96000, 319.0
5.97000, 278.0
5.98000, 245.0
5.99000, 215.0
6.00000, 199.0
6.01000, 186.0
6.02000, 180.0
6.03000, 164.0
6.04000, 163.0
6.05000, 168.0
6.06000, 168.0
6.07000, 174.0
6.08000, 164.0
6.09000, 155.0
6.10000, 164.0
6.11000, 180.0
6.12000, 187.0
6.13000, 165.0
6.14000, 183.0
6.15000, 190.0
6.16000, 174.0
6.17000, 189.0
6.18000, 195.0
6.19000, 195.0
6.20000, 209.0
6.21000, 234.0
6.22000, 272.0
6.23000, 336.0
6.24000, 404.0
6.25000, 557.0
6.26000, 809.0
6.27000, 1042.0
6.28000, 1533.0
6.29000, 2103.0
6.30000, 2843.0
6.31000, 3880.0
6.32000, 4965.0
6.33000, 6283.0
6.34000, 7574.0
6.35000, 9182.0
6.36000, 10522.0
6.37000, 11575.0
6.38000, 12503.0
6.39000, 13245.0
6.40000, 13323.0
6.41000, 13041.0
6.42000, 12646.0
6.43000, 11439.0
6.44000, 10407.0
6.45000, 8965.0
6.46000, 7528.0
6.47000, 6217.0
6.48000, 4926.0
6.49000, 3808.0
6.50000, 2839.0
6.51000, 2067.0
6.52000, 1511.0
6.53000, 1143.0
6.54000, 762.0
6.55000, 539.0
6.56000, 387.0
6.57000, 309.0
6.58000, 255.0
6.59000, 208.0
6.60000, 200.0
6.61000, 144.0
6.62000, 168.0
6.63000, 164.0
6.64000, 142.0
6.65000, 150.0
6.66000, 147.0
6.67000, 149.0
6.68000, 164.0
6.69000, 152.0
6.70000, 151.0
6.71000, 152.0
6.72000, 125.0
6.73000, 133.0
6.74000, 154.0
6.75000, 133.0
6.76000, 144.0
6.77000, 140.0
6.78000, 149.0
6.79000, 160.0
6.80000, 145.0
6.81000, 161.0
6.82000, 149.0
6.83000, 156.0
6.84000, 181.0
6.85000, 175.0
6.86000, 165.0
6.87000, 176.0
6.88000, 221.0
6.89000, 224.0
6.90000, 232.0
6.91000, 256.0
6.92000, 295.0
6.93000, 367.0
6.94000, 417.0
6.95000, 547.0
6.96000, 630.0
6.97000, 782.0
6.98000, 876.0
6.99000, 1038.0
7.00000, 1228.0
7.01000, 1376.0
7.02000, 1571.0
7.03000, 1678.0
7.04000, 1742.0
7.05000, 1797.0
7.06000, 1737.0
7.07000, 1673.0
7.08000, 1651.0
7.09000, 1529.0
7.10000, 1436.0
7.11000, 1213.0
7.12000, 1053.0
7.13000, 864.0
7.14000, 655.0
7.15000, 554.0
7.16000, 440.0
7.17000, 367.0
7.18000, 281.0
7.19000, 235.0
7.20000, 160.0
7.21000, 146.0
7.22000, 128.0
7.23000, 115.0
7.24000, 87.0
7.25000, 88.0
7.26000, 79.0
7.27000, 80.0
7.28000, 76.0
7.29000, 80.0
7.30000, 77.0
7.31000, 82.0
7.32000, 78.0
7.33000, 89.0
7.34000, 91.0
7.35000, 72.0
7.36000, 71.0
7.37000, 87.0
7.38000, 86.0
7.39000, 106.0
7.40000, 80.0
7.41000, 90.0
7.42000, 90.0
7.43000, 94.0
7.44000, 92.0
7.45000, 98.0
7.46000, 86.0
7.47000, 77.0
7.48000, 99.0
7.49000, 89.0
7.50000, 74.0
7.51000, 84.0
7.52000, 83.0
7.53000, 82.0
7.54000, 86.0
7.55000, 85.0
7.56000, 73.0
7.57000, 81.0
7.58000, 89.0
7.59000, 98.0
7.60000, 81.0
7.61000, 68.0
7.62000, 75.0
7.63000, 88.0
7.64000, 72.0
7.65000, 81.0
7.66000, 77.0
7.67000, 75.0
7.68000, 85.0
7.69000, 82.0
7.70000, 80.0
7.71000, 83.0
7.72000, 88.0
7.73000, 82.0
7.74000, 71.0
7.75000, 80.0
7.76000, 63.0
7.77000, 75.0
7.78000, 72.0
7.79000, 68.0
7.80000, 76.0
7.81000, 73.0
7.82000, 70.0
7.83000, 69.0
7.84000, 86.0
7.85000, 99.0
7.86000, 84.0
7.87000, 77.0
7.88000, 75.0
7.89000, 82.0
7.90000, 77.0
7.91000, 69.0
7.92000, 64.0
7.93000, 70.0
7.94000, 100.0
7.95000, 95.0
7.96000, 89.0
7.97000, 90.0
7.98000, 89.0
7.99000, 88.0
8.00000, 84.0
8.01000, 86.0
8.02000, 91.0
8.03000, 91.0
8.04000, 109.0
8.05000, 110.0
8.06000, 105.0
8.07000, 86.0
8.08000, 75.0
8.09000, 79.0
8.10000, 76.0
8.11000, 84.0
8.12000, 78.0
8.13000, 69.0
8.14000, 81.0
8.15000, 101.0
8.16000, 84.0
8.17000, 67.0
8.18000, 77.0
8.19000, 71.0
8.20000, 74.0
8.21000, 70.0
8.22000, 87.0
8.23000, 76.0
8.24000, 75.0
8.25000, 67.0
8.26000, 65.0
8.27000, 81.0
8.28000, 86.0
8.29000, 70.0
8.30000, 74.0
8.31000, 71.0
8.32000, 79.0
8.33000, 76.0
8.34000, 80.0
8.35000, 80.0
8.36000, 84.0
8.37000, 87.0
8.38000, 78.0
8.39000, 77.0
8.40000, 70.0
8.41000, 60.0
8.42000, 76.0
8.43000, 70.0
8.44000, 71.0
8.45000, 75.0
8.46000, 69.0
8.47000, 67.0
8.48000, 60.0
8.49000, 84.0
8.50000, 82.0
8.51000, 80.0
8.52000, 71.0
8.53000, 67.0
8.54000, 78.0
8.55000, 82.0
8.56000, 79.0
8.57000, 64.0
8.58000, 57.0
8.59000, 57.0
8.60000, 67.0
8.61000, 56.0
8.62000, 70.0
8.63000, 80.0
8.64000, 67.0
8.65000, 80.0
8.66000, 66.0
8.67000, 72.0
8.68000, 81.0
8.69000, 78.0
8.70000, 69.0
8.71000, 74.0
8.72000, 64.0
8.73000, 61.0
8.74000, 73.0
8.75000, 91.0
8.76000, 58.0
8.77000, 68.0
8.78000, 76.0
8.79000, 63.0
8.80000, 71.0
8.81000, 68.0
8.82000, 75.0
8.83000, 67.0
8.84000, 68.0
8.85000, 77.0
8.86000, 84.0
8.87000, 72.0
8.88000, 78.0
8.89000, 67.0
8.90000, 71.0
8.91000, 68.0
8.92000, 75.0
8.93000, 55.0
8.94000, 60.0
8.95000, 71.0
8.96000, 76.0
8.97000, 76.0
8.98000, 50.0
8.99000, 59.0
9.00000, 68.0
9.01000, 73.0
9.02000, 67.0
9.03000, 74.0
9.04000, 88.0
9.05000, 73.0
9.06000, 66.0
9.07000, 76.0
9.08000, 66.0
9.09000, 65.0
9.10000, 61.0
9.11000, 64.0
9.12000, 67.0
9.13000, 68.0
9.14000, 64.0
9.15000, 51.0
9.16000, 70.0
9.17000, 60.0
9.18000, 62.0
9.19000, 61.0
9.20000, 70.0
9.21000, 67.0
9.22000, 67.0
9.23000, 67.0
9.24000, 60.0
9.25000, 57.0
9.26000, 66.0
9.27000, 75.0
9.28000, 46.0
9.29000, 66.0
9.30000, 62.0
9.31000, 66.0
9.32000, 64.0
9.33000, 66.0
9.34000, 73.0
9.35000, 60.0
9.36000, 53.0
9.37000, 61.0
9.38000, 61.0
9.39000, 61.0
9.40000, 62.0
9.41000, 60.0
9.42000, 71.0
9.43000, 79.0
9.44000, 62.0
9.45000, 65.0
9.46000, 70.0
9.47000, 64.0
9.48000, 52.0
9.49000, 69.0
9.50000, 66.0
9.51000, 61.0
9.52000, 58.0
9.53000, 55.0
9.54000, 55.0
9.55000, 75.0
9.56000, 60.0
9.57000, 61.0
9.58000, 48.0
9.59000, 55.0
9.60000, 53.0
9.61000, 72.0
9.62000, 74.0
9.63000, 61.0
9.64000, 74.0
9.65000, 62.0
9.66000, 53.0
9.67000, 72.0
9.68000, 65.0
9.69000, 63.0
9.70000, 57.0
9.71000, 70.0
9.72000, 72.0
9.73000, 73.0
9.74000, 65.0
9.75000, 62.0
9.76000, 71.0
9.77000, 65.0
9.78000, 59.0
9.79000, 61.0
9.80000, 59.0
9.81000, 56.0
9.82000, 61.0
9.83000, 72.0
9.84000, 71.0
9.85000, 57.0
9.86000, 62.0
9.87000, 58.0
9.88000, 49.0
9.89000, 56.0
9.90000, 45.0
9.91000, 51.0
9.92000, 61.0
9.93000, 49.0
9.94000, 52.0
9.95000, 66.0
9.96000, 62.0
9.97000, 50.0
9.98000, 52.0
9.99000, 46.0
10.00000, 59.0
10.01000, 57.0
10.02000, 56.0
10.03000, 65.0
10.04000, 43.0
10.05000, 58.0
10.06000, 42.0
10.07000, 45.0
10.08000, 44.0
10.09000, 60.0
10.10000, 69.0
10.11000, 48.0
10.12000, 60.0
10.13000, 53.0
10.14000, 56.0
10.15000, 46.0
10.16000, 53.0
10.17000, 56.0
10.18000, 65.0
10.19000, 51.0
10.20000, 54.0
10.21000, 56.0
10.22000, 46.0
10.23000, 59.0
10.24000, 48.0
10.25000, 67.0
10.26000, 56.0
10.27000, 53.0
10.28000, 44.0
10.29000, 53.0
10.30000, 47.0
10.31000, 55.0
10.32000, 40.0
10.33000, 43.0
10.34000, 49.0
10.35000, 46.0
10.36000, 60.0
10.37000, 45.0
10.38000, 54.0
10.39000, 67.0
10.40000, 63.0
10.41000, 46.0
10.42000, 39.0
10.43000, 65.0
10.44000, 68.0
10.45000, 43.0
10.46000, 43.0
10.47000, 63.0
10.48000, 63.0
10.49000, 56.0
10.50000, 58.0
10.51000, 60.0
10.52000, 59.0
10.53000, 45.0
10.54000, 54.0
10.55000, 48.0
10.56000, 53.0
10.57000, 57.0
10.58000, 39.0
10.59000, 39.0
10.60000, 56.0
10.61000, 59.0
10.62000, 58.0
10.63000, 42.0
10.64000, 40.0
10.65000, 41.0
10.66000, 44.0
10.67000, 45.0
10.68000, 40.0
10.69000, 57.0
10.70000, 44.0
10.71000, 47.0
10.72000, 58.0
10.73000, 41.0
10.74000, 52.0
10.75000, 58.0
10.76000, 52.0
10.77000, 43.0
10.78000, 55.0
10.79000, 62.0
10.80000, 41.0
10.81000, 47.0
10.82000, 38.0
10.83000, 50.0
10.84000, 47.0
10.85000, 42.0
10.86000, 39.0
10.87000, 47.0
10.88000, 43.0
10.89000, 54.0
10.90000, 53.0
10.91000, 56.0
10.92000, 50.0
10.93000, 48.0
10.94000, 53.0
10.95000, 45.0
10.96000, 47.0
10.97000, 50.0
10.98000, 49.0
10.99000, 41.0
11.00000, 37.0
11.01000, 44.0
11.02000, 42.0
11.03000, 41.0
11.04000, 47.0
11.05000, 45.0
11.06000, 46.0
11.07000, 53.0
11.08000, 52.0
11.09000, 36.0
11.10000, 46.0
11.11000, 57.0
11.12000, 37.0
11.13000, 47.0
11.14000, 42.0
11.15000, 58.0
11.16000, 48.0
11.17000, 35.0
11.18000, 52.0
11.19000, 46.0
11.20000, 36.0
11.21000, 52.0
11.22000, 42.0
11.23000, 41.0
11.24000, 38.0
11.25000, 40.0
11.26000, 34.0
11.27000, 36.0
11.28000, 43.0
11.29000, 48.0
11.30000, 56.0
11.31000, 36.0
11.32000, 29.0
11.33000, 39.0
11.34000, 47.0
11.35000, 55.0
11.36000, 47.0
11.37000, 35.0
11.38000, 48.0
11.39000, 43.0
11.40000, 50.0
11.41000, 60.0
11.42000, 46.0
11.43000, 39.0
11.44000, 38.0
11.45000, 51.0
11.46000, 38.0
11.47000, 40.0
11.48000, 47.0
11.49000, 29.0
11.50000, 47.0
11.51000, 40.0
11.52000, 46.0
11.53000, 46.0
11.54000, 35.0
11.55000, 47.0
11.56000, 44.0
11.57000, 38.0
11.58000, 47.0
11.59000, 29.0
11.60000, 39.0
11.61000, 36.0
11.62000, 31.0
11.63000, 32.0
11.64000, 31.0
11.65000, 37.0
11.66000, 33.0
11.67000, 36.0
11.68000, 41.0
11.69000, 36.0
11.70000, 37.0
11.71000, 43.0
11.72000, 49.0
11.73000, 48.0
11.74000, 49.0
11.75000, 46.0
11.76000, 36.0
11.77000, 34.0
11.78000, 41.0
11.79000, 33.0
11.80000, 47.0
11.81000, 40.0
11.82000, 33.0
11.83000, 37.0
11.84000, 38.0
11.85000, 33.0
11.86000, 39.0
11.87000, 35.0
11.88000, 39.0
11.89000, 46.0
11.90000, 43.0
11.91000, 27.0
11.92000, 30.0
11.93000, 40.0
11.94000, 36.0
11.95000, 44.0
11.96000, 41.0
11.97000, 45.0
11.98000, 35.0
11.99000, 40.0
12.00000, 40.0
12.01000, 40.0
12.02000, 39.0
12.03000, 30.0
12.04000, 30.0
12.05000, 42.0
12.06000, 34.0
12.07000, 50.0
12.08000, 43.0
12.09000, 34.0
12.10000, 37.0
12.11000, 45.0
12.12000, 38.0
12.13000, 45.0
12.14000, 39.0
12.15000, 36.0
12.16000, 35.0
12.17000, 44.0
12.18000, 36.0
12.19000, 42.0
12.20000, 36.0
12.21000, 32.0
12.22000, 34.0
12.23000, 31.0
12.24000, 37.0
12.25000, 31.0
12.26000, 42.0
12.27000, 35.0
12.28000, 27.0
12.29000, 31.0
12.30000, 32.0
12.31000, 39.0
12.32000, 32.0
12.33000, 25.0
12.34000, 31.0
12.35000, 21.0
12.36000, 25.0
12.37000, 30.0
12.38000, 32.0
12.39000, 34.0
12.40000, 42.0
12.41000, 27.0
12.42000, 30.0
12.43000, 28.0
12.44000, 26.0
12.45000, 31.0
12.46000, 45.0
12.47000, 38.0
12.48000, 28.0
12.49000, 36.0
12.50000, 32.0
12.51000, 30.0
12.52000, 23.0
12.53000, 37.0
12.54000, 43.0
12.55000, 33.0
12.56000, 28.0
12.57000, 23.0
12.58000, 23.0
12.59000, 36.0
12.60000, 30.0
12.61000, 30.0
12.62000, 36.0
12.63000, 35.0
12.64000, 30.0
12.65000, 35.0
12.66000, 32.0
12.67000, 30.0
12.68000, 37.0
12.69000, 51.0
12.70000, 36.0
12.71000, 43.0
12.72000, 40.0
12.73000, 40.0
12.74000, 36.0
12.75000, 35.0
12.76000, 40.0
12.77000, 50.0
12.78000, 51.0
12.79000, 45.0
12.80000, 42.0
12.81000, 30.0
12.82000, 42.0
12.83000, 47.0
12.84000, 31.0
12.85000, 40.0
12.86000, 37.0
12.87000, 32.0
12.88000, 41.0
12.89000, 32.0
12.90000, 43.0
12.91000, 30.0
12.92000, 43.0
12.93000, 32.0
12.94000, 23.0
12.95000, 28.0
12.96000, 29.0
12.97000, 33.0
12.98000, 32.0
12.99000, 29.0
13.00000, 28.0
13.01000, 28.0
13.02000, 28.0
13.03000, 37.0
13.04000, 27.0
13.05000, 26.0
13.06000, 29.0
13.07000, 38.0
13.08000, 21.0
13.09000, 35.0
13.10000, 33.0
13.11000, 18.0
13.12000, 32.0
13.13000, 28.0
13.14000, 25.0
13.15000, 27.0
13.16000, 30.0
13.17000, 26.0
13.18000, 30.0
13.19000, 29.0
13.20000, 23.0
13.21000, 36.0
13.22000, 36.0
13.23000, 34.0
13.24000, 26.0
13.25000, 28.0
13.26000, 29.0
13.27000, 37.0
13.28000, 22.0
13.29000, 18.0
13.30000, 32.0
13.31000, 26.0
13.32000, 29.0
13.33000, 31.0
13.34000, 34.0
13.35000, 25.0
13.36000, 24.0
13.37000, 34.0
13.38000, 25.0
13.39000, 27.0
13.40000, 34.0
13.41000, 36.0
13.42000, 29.0
13.43000, 24.0
13.44000, 31.0
13.45000, 31.0
13.46000, 37.0
13.47000, 35.0
13.48000, 42.0
13.49000, 26.0
13.50000, 20.0
13.51000, 28.0
13.52000, 19.0
13.53000, 21.0
13.54000, 25.0
13.55000, 37.0
13.56000, 29.0
13.57000, 25.0
13.58000, 26.0
13.59000, 34.0
13.60000, 27.0
13.61000, 24.0
13.62000, 14.0
13.63000, 17.0
13.64000, 30.0
13.65000, 23.0
13.66000, 31.0
13.67000, 24.0
13.68000, 34.0
13.69000, 24.0
13.70000, 30.0
13.71000, 16.0
13.72000, 17.0
13.73000, 22.0
13.74000, 18.0
13.75000, 18.0
13.76000, 24.0
13.77000, 21.0
13.78000, 29.0
13.79000, 20.0
13.80000, 36.0
13.81000, 23.0
13.82000, 30.0
13.83000, 18.0
13.84000, 31.0
13.85000, 22.0
13.86000, 13.0
13.87000, 29.0
13.88000, 16.0
13.89000, 28.0
13.90000, 19.0
13.91000, 22.0
13.92000, 24.0
13.93000, 24.0
13.94000, 18.0
13.95000, 37.0
13.96000, 29.0
13.97000, 20.0
13.98000, 22.0
13.99000, 23.0
14.00000, 25.0
14.01000, 17.0
14.02000, 26.0
14.03000, 24.0
14.04000, 17.0
14.05000, 20.0
14.06000, 20.0
14.07000, 26.0
14.08000, 17.0
14.09000, 25.0
14.10000, 22.0
14.11000, 24.0
14.12000, 14.0
14.13000, 26.0
14.14000, 27.0
14.15000, 22.0
14.16000, 20.0
14.17000, 23.0
14.18000, 24.0
14.19000, 19.0
14.20000, 30.0
14.21000, 21.0
14.22000, 30.0
14.23000, 29.0
14.24000, 22.0
14.25000, 27.0
14.26000, 12.0
14.27000, 14.0
14.28000, 14.0
14.29000, 16.0
14.30000, 22.0
14.31000, 17.0
14.32000, 22.0
14.33000, 19.0
14.34000, 29.0
14.35000, 17.0
14.36000, 16.0
14.37000, 30.0
14.38000, 27.0
14.39000, 23.0
14.40000, 14.0
14.41000, 15.0
14.42000, 13.0
14.43000, 21.0
14.44000, 24.0
14.45000, 19.0
14.46000, 18.0
14.47000, 22.0
14.48000, 22.0
14.49000, 18.0
14.50000, 18.0
14.51000, 21.0
14.52000, 20.0
14.53000, 19.0
14.54000, 13.0
14.55000, 19.0
14.56000, 23.0
14.57000, 16.0
14.58000, 22.0
14.59000, 18.0
14.60000, 12.0
14.61000, 15.0
14.62000, 14.0
14.63000, 17.0
14.64000, 17.0
14.65000, 18.0
14.66000, 23.0
14.67000, 18.0
14.68000, 12.0
14.69000, 20.0
14.70000, 19.0
14.71000, 13.0
14.72000, 20.0
14.73000, 18.0
14.74000, 18.0
14.75000, 21.0
14.76000, 17.0
14.77000, 15.0
14.78000, 12.0
14.79000, 12.0
14.80000, 22.0
14.81000, 12.0
14.82000, 16.0
14.83000, 12.0
14.84000, 16.0
14.85000, 14.0
14.86000, 19.0
14.87000, 23.0
14.88000, 21.0
14.89000, 14.0
14.90000, 20.0
14.91000, 25.0
14.92000, 18.0
14.93000, 26.0
14.94000, 15.0
14.95000, 16.0
14.96000, 16.0
14.97000, 16.0
14.98000, 9.0
14.99000, 12.0
15.00000, 17.0
15.01000, 24.0
15.02000, 16.0
15.03000, 11.0
15.04000, 13.0
15.05000, 15.0
15.06000, 23.0
15.07000, 13.0
15.08000, 12.0
15.09000, 15.0
15.10000, 15.0
15.11000, 12.0
15.12000, 17.0
15.13000, 15.0
15.14000, 12.0
15.15000, 16.0
15.16000, 14.0
15.17000, 13.0
15.18000, 10.0
15.19000, 16.0
15.20000, 13.0
15.21000, 13.0
15.22000, 13.0
15.23000, 15.0
15.24000, 18.0
15.25000, 12.0
15.26000, 20.0
15.27000, 13.0
15.28000, 15.0
15.29000, 18.0
15.30000, 18.0
15.31000, 12.0
15.32000, 12.0
15.33000, 14.0
15.34000, 8.0
15.35000, 7.0
15.36000, 10.0
15.37000, 13.0
15.38000, 10.0
15.39000, 17.0
15.40000, 19.0
15.41000, 13.0
15.42000, 14.0
15.43000, 11.0
15.44000, 15.0
15.45000, 8.0
15.46000, 12.0
15.47000, 12.0
15.48000, 15.0
15.49000, 10.0
15.50000, 7.0
15.51000, 14.0
15.52000, 17.0
15.53000, 16.0
15.54000, 14.0
15.55000, 18.0
15.56000, 14.0
15.57000, 9.0
15.58000, 19.0
15.59000, 15.0
15.60000, 9.0
15.61000, 8.0
15.62000, 15.0
15.63000, 16.0
15.64000, 8.0
15.65000, 19.0
15.66000, 9.0
15.67000, 13.0
15.68000, 18.0
15.69000, 17.0
15.70000, 7.0
15.71000, 10.0
15.72000, 12.0
15.73000, 13.0
15.74000, 14.0
15.75000, 11.0
15.76000, 14.0
15.77000, 9.0
15.78000, 7.0
15.79000, 11.0
15.80000, 15.0
15.81000, 13.0
15.82000, 13.0
15.83000, 7.0
15.84000, 10.0
15.85000, 9.0
15.86000, 18.0
15.87000, 11.0
15.88000, 9.0
15.89000, 8.0
15.90000, 8.0
15.91000, 14.0
15.92000, 10.0
15.93000, 17.0
15.94000, 10.0
15.95000, 10.0
15.96000, 9.0
15.97000, 18.0
15.98000, 12.0
15.99000, 17.0
16.00000, 10.0
16.01000, 9.0
16.02000, 19.0
16.03000, 8.0
16.04000, 16.0
16.05000, 14.0
16.06000, 11.0
16.07000, 14.0
16.08000, 9.0
16.09000, 11.0
16.10000, 9.0
16.11000, 11.0
16.12000, 10.0
16.13000, 11.0
16.14000, 12.0
16.15000, 9.0
16.16000, 9.0
16.17000, 11.0
16.18000, 8.0
16.19000, 3.0
16.20000, 11.0
16.21000, 11.0
16.22000, 9.0
16.23000, 11.0
16.24000, 15.0
16.25000, 14.0
16.26000, 9.0
16.27000, 7.0
16.28000, 11.0
16.29000, 7.0
16.30000, 5.0
16.31000, 8.0
16.32000, 11.0
16.33000, 16.0
16.34000, 10.0
16.35000, 8.0
16.36000, 10.0
16.37000, 4.0
16.38000, 12.0
16.39000, 9.0
16.40000, 9.0
16.41000, 11.0
16.42000, 8.0
16.43000, 8.0
16.44000, 14.0
16.45000, 7.0
16.46000, 4.0
16.47000, 10.0
16.48000, 9.0
16.49000, 10.0
16.50000, 12.0
16.51000, 11.0
16.52000, 13.0
16.53000, 9.0
16.54000, 13.0
16.55000, 5.0
16.56000, 6.0
16.57000, 9.0
16.58000, 5.0
16.59000, 8.0
16.60000, 11.0
16.61000, 7.0
16.62000, 8.0
16.63000, 4.0
16.64000, 8.0
16.65000, 8.0
16.66000, 13.0
16.67000, 6.0
16.68000, 4.0
16.69000, 5.0
16.70000, 8.0
16.71000, 9.0
16.72000, 11.0
16.73000, 9.0
16.74000, 6.0
16.75000, 4.0
16.76000, 4.0
16.77000, 9.0
16.78000, 4.0
16.79000, 6.0
16.80000, 7.0
16.81000, 8.0
16.82000, 4.0
16.83000, 7.0
16.84000, 11.0
16.85000, 6.0
16.86000, 5.0
16.87000, 8.0
16.88000, 6.0
16.89000, 11.0
16.90000, 7.0
16.91000, 5.0
16.92000, 8.0
16.93000, 14.0
16.94000, 6.0
16.95000, 3.0
16.96000, 4.0
16.97000, 7.0
16.98000, 8.0
16.99000, 7.0
17.00000, 8.0
17.01000, 4.0
17.02000, 7.0
17.03000, 6.0
17.04000, 7.0
17.05000, 11.0
17.06000, 8.0
17.07000, 4.0
17.08000, 7.0
17.09000, 6.0
17.10000, 4.0
17.11000, 8.0
17.12000, 7.0
17.13000, 2.0
17.14000, 6.0
17.15000, 3.0
17.16000, 5.0
17.17000, 1.0
17.18000, 6.0
17.19000, 8.0
17.20000, 1.0
17.21000, 11.0
17.22000, 3.0
17.23000, 3.0
17.24000, 4.0
17.25000, 10.0
17.26000, 3.0
17.27000, 4.0
17.28000, 8.0
17.29000, 3.0
17.30000, 6.0
17.31000, 6.0
17.32000, 3.0
17.33000, 5.0
17.34000, 5.0
17.35000, 5.0
17.36000, 9.0
17.37000, 6.0
17.38000, 5.0
17.39000, 2.0
17.40000, 4.0
17.41000, 7.0
17.42000, 3.0
17.43000, 8.0
17.44000, 8.0
17.45000, 5.0
17.46000, 8.0
17.47000, 8.0
17.48000, 5.0
17.49000, 4.0
17.50000, 4.0
17.51000, 9.0
17.52000, 7.0
17.53000, 4.0
17.54000, 8.0
17.55000, 1.0
17.56000, 8.0
17.57000, 8.0
17.58000, 4.0
17.59000, 2.0
17.60000, 1.0
17.61000, 3.0
17.62000, 5.0
17.63000, 3.0
17.64000, 5.0
17.65000, 8.0
17.66000, 5.0
17.67000, 4.0
17.68000, 7.0
17.69000, 6.0
17.70000, 4.0
17.71000, 4.0
17.72000, 3.0
17.73000, 4.0
17.74000, 4.0
17.75000, 7.0
17.76000, 4.0
17.77000, 8.0
17.78000, 4.0
17.79000, 1.0
17.80000, 11.0
17.81000, 8.0
17.82000, 4.0
17.83000, 2.0
17.84000, 2.0
17.85000, 8.0
17.86000, 1.0
17.87000, 4.0
17.88000, 5.0
17.89000, 4.0
17.90000, 6.0
17.91000, 2.0
17.92000, 7.0
17.93000, 6.0
17.94000, 6.0
17.95000, 3.0
17.96000, 6.0
17.97000, 3.0
17.98000, 3.0
17.99000, 3.0
18.00000, 6.0
18.01000, 2.0
18.02000, 2.0
18.03000, 7.0
18.04000, 3.0
18.05000, 5.0
18.06000, 7.0
18.07000, 4.0
18.08000, 1.0
18.09000, 6.0
18.10000, 4.0
18.11000, 5.0
18.12000, 4.0
18.13000, 5.0
18.14000, 3.0
18.15000, 2.0
18.16000, 6.0
18.17000, 3.0
18.18000, 6.0
18.19000, 5.0
18.20000, 5.0
18.21000, 2.0
18.22000, 3.0
18.23000, 3.0
18.24000, 3.0
18.25000, 2.0
18.26000, 1.0
18.27000, 3.0
18.28000, 5.0
18.29000, 0.0
18.30000, 1.0
18.31000, 2.0
18.32000, 2.0
18.33000, 0.0
18.34000, 1.0
18.35000, 5.0
18.36000, 3.0
18.37000, 1.0
18.38000, 3.0
18.39000, 6.0
18.40000, 1.0
18.41000, 1.0
18.42000, 3.0
18.43000, 2.0
18.44000, 3.0
18.45000, 2.0
18.46000, 5.0
18.47000, 2.0
18.48000, 1.0
18.49000, 2.0
18.50000, 0.0
18.51000, 2.0
18.52000, 0.0
18.53000, 1.0
18.54000, 2.0
18.55000, 4.0
18.56000, 3.0
18.57000, 1.0
18.58000, 4.0
18.59000, 4.0
18.60000, 3.0
18.61000, 1.0
18.62000, 1.0
18.63000, 3.0
18.64000, 1.0
18.65000, 1.0
18.66000, 3.0
18.67000, 3.0
18.68000, 1.0
18.69000, 6.0
18.70000, 2.0
18.71000, 1.0
18.72000, 4.0
18.73000, 1.0
18.74000, 0.0
18.75000, 1.0
18.76000, 3.0
18.77000, 0.0
18.78000, 2.0
18.79000, 2.0
18.80000, 2.0
18.81000, 1.0
18.82000, 2.0
18.83000, 0.0
18.84000, 3.0
18.85000, 2.0
18.86000, 0.0
18.87000, 1.0
18.88000, 3.0
18.89000, 1.0
18.90000, 1.0
18.91000, 1.0
18.92000, 2.0
18.93000, 1.0
18.94000, 1.0
18.95000, 2.0
18.96000, 1.0
18.97000, 1.0
18.98000, 1.0
18.99000, 1.0
19.00000, 2.0
19.01000, 1.0
19.02000, 1.0
19.03000, 3.0
19.04000, 2.0
19.05000, 0.0
19.06000, 2.0
19.07000, 1.0
19.08000, 0.0
19.09000, 3.0
19.10000, 2.0
19.11000, 6.0
19.12000, 1.0
19.13000, 2.0
19.14000, 0.0
19.15000, 1.0
19.16000, 1.0
19.17000, 1.0
19.18000, 2.0
19.19000, 3.0
19.20000, 0.0
19.21000, 4.0
19.22000, 3.0
19.23000, 2.0
19.24000, 1.0
19.25000, 1.0
19.26000, 2.0
19.27000, 2.0
19.28000, 2.0
19.29000, 2.0
19.30000, 0.0
19.31000, 3.0
19.32000, 2.0
19.33000, 0.0
19.34000, 0.0
19.35000, 0.0
19.36000, 0.0
19.37000, 1.0
19.38000, 0.0
19.39000, 1.0
19.40000, 1.0
19.41000, 0.0
19.42000, 1.0
19.43000, 2.0
19.44000, 0.0
19.45000, 0.0
19.46000, 0.0
19.47000, 4.0
19.48000, 0.0
19.49000, 0.0
19.50000, 1.0
19.51000, 0.0
19.52000, 1.0
19.53000, 0.0
19.54000, 0.0
19.55000, 0.0
19.56000, 1.0
19.57000, 0.0
19.58000, 2.0
19.59000, 1.0
19.60000, 0.0
19.61000, 1.0
19.62000, 0.0
19.63000, 1.0
19.64000, 0.0
19.65000, 4.0
19.66000, 1.0
19.67000, 0.0
19.68000, 0.0
19.69000, 0.0
19.70000, 0.0
19.71000, 1.0
19.72000, 2.0
19.73000, 0.0
19.74000, 2.0
19.75000, 0.0
19.76000, 1.0
19.77000, 1.0
19.78000, 0.0
19.79000, 1.0
19.80000, 1.0
19.81000, 0.0
19.82000, 1.0
19.83000, 1.0
19.84000, 1.0
19.85000, 0.0
19.86000, 0.0
19.87000, 1.0
19.88000, 0.0
19.89000, 0.0
19.90000, 1.0
19.91000, 0.0
19.92000, 0.0
19.93000, 0.0
19.94000, 0.0
19.95000, 1.0
19.96000, 0.0
19.97000, 0.0
19.98000, 1.0
19.99000, 0.0
20.00000, 0.0
20.01000, 0.0
20.02000, 0.0
20.03000, 0.0
20.04000, 0.0
20.05000, 0.0
20.06000, 0.0
20.07000, 0.0
20.08000, 0.0
20.09000, 0.0
20.10000, 0.0
20.11000, 0.0
20.12000, 0.0
20.13000, 0.0
20.14000, 0.0
20.15000, 0.0
20.16000, 0.0
20.17000, 0.0
20.18000, 0.0
20.19000, 0.0
20.20000, 0.0
20.21000, 0.0
20.22000, 0.0
20.23000, 0.0
20.24000, 0.0
20.25000, 0.0
20.26000, 0.0
20.27000, 0.0
#ENDOFDATA   : 
