#FORMAT      : EMSA/MAS Spectral Data File
#VERSION     : 1.0
#TITLE       : Spectrum 2
#DATE        : 04-JAN-2022
#TIME        : 13:49
#OWNER       : 
#NPOINTS     : 2048.0
#NCOLUMNS    : 1.0
#XUNITS      : keV
#YUNITS      : counts
#DATATYPE    : XY
#XPERCHAN    : 0.01
#OFFSET      : -0.2
#SIGNALTYPE  : EDS
#CHOFFSET    : 20.0
#LIVETIME    : 40.0
#REALTIME    : 42.524410248
#BEAMKV      : 20.0
#MAGCAM      : 500.0
#XTILTSTGE   : 0.0
#AZIMANGLE   : 0.0
#ELEVANGLE   : 35.0
#XPOSITION mm: 9.8132
#YPOSITION mm: -6.3588
#ZPOSITION mm: 10.0000
##OXINSTPT   : 4
##OXINSTSTROB: 43.50
##OXINSTNDET : 1
##OXINSTELEMS: 6,26,25,8,14,16,23,24,29
##OXINSTLABEL: 6, 0.277, C
##OXINSTLABEL: 26, 6.404, Fe
##OXINSTLABEL: 26, 7.058, Fe
##OXINSTLABEL: 26, 0.703, Fe
##OXINSTLABEL: 26, 0.615, Fe
##OXINSTLABEL: 25, 5.899, Mn
##OXINSTLABEL: 25, 6.490, Mn
##OXINSTLABEL: 25, 0.636, Mn
##OXINSTLABEL: 25, 0.556, Mn
##OXINSTLABEL: 8, 0.525, O
##OXINSTLABEL: 14, 1.740, Si
##OXINSTLABEL: 16, 2.308, S
##OXINSTLABEL: 16, 2.464, S
##OXINSTLABEL: 23, 4.952, V
##OXINSTLABEL: 23, 5.427, V
##OXINSTLABEL: 23, 0.511, V
##OXINSTLABEL: 23, 0.446, V
##OXINSTLABEL: 24, 5.415, Cr
##OXINSTLABEL: 24, 5.947, Cr
##OXINSTLABEL: 24, 0.573, Cr
##OXINSTLABEL: 24, 0.500, Cr
##OXINSTLABEL: 29, 8.048, Cu
##OXINSTLABEL: 29, 8.905, Cu
##OXINSTLABEL: 29, 0.930, Cu
##OXINSTLABEL: 29, 0.832, Cu
##OXINSTLABEL: 29, 0.811, Cu
#SPECTRUM    : Spectral Data Starts Here
-0.20000, 0.0
-0.19000, 0.0
-0.18000, 0.0
-0.17000, 0.0
-0.16000, 0.0
-0.15000, 0.0
-0.14000, 0.0
-0.13000, 0.0
-0.12000, 0.0
-0.11000, 0.0
-0.10000, 0.0
-0.09000, 0.0
-0.08000, 0.0
-0.07000, 0.0
-0.06000, 0.0
-0.05000, 16.0
-0.04000, 55.0
-0.03000, 130.0
-0.02000, 355.0
-0.01000, 655.0
0.00000, 1017.0
0.01000, 1370.0
0.02000, 1617.0
0.03000, 1759.0
0.04000, 1704.0
0.05000, 1366.0
0.06000, 900.0
0.07000, 518.0
0.08000, 286.0
0.09000, 200.0
0.10000, 150.0
0.11000, 144.0
0.12000, 128.0
0.13000, 146.0
0.14000, 117.0
0.15000, 123.0
0.16000, 132.0
0.17000, 152.0
0.18000, 156.0
0.19000, 182.0
0.20000, 189.0
0.21000, 233.0
0.22000, 283.0
0.23000, 419.0
0.24000, 621.0
0.25000, 952.0
0.26000, 1287.0
0.27000, 1397.0
0.28000, 1429.0
0.29000, 1157.0
0.30000, 797.0
0.31000, 476.0
0.32000, 299.0
0.33000, 216.0
0.34000, 199.0
0.35000, 207.0
0.36000, 235.0
0.37000, 272.0
0.38000, 307.0
0.39000, 319.0
0.40000, 320.0
0.41000, 291.0
0.42000, 316.0
0.43000, 333.0
0.44000, 350.0
0.45000, 401.0
0.46000, 428.0
0.47000, 520.0
0.48000, 612.0
0.49000, 771.0
0.50000, 946.0
0.51000, 1167.0
0.52000, 1271.0
0.53000, 1303.0
0.54000, 1255.0
0.55000, 1184.0
0.56000, 1187.0
0.57000, 1466.0
0.58000, 1953.0
0.59000, 2617.0
0.60000, 3315.0
0.61000, 3964.0
0.62000, 4157.0
0.63000, 3944.0
0.64000, 3649.0
0.65000, 3478.0
0.66000, 4004.0
0.67000, 5263.0
0.68000, 7007.0
0.69000, 8932.0
0.70000, 10163.0
0.71000, 10082.0
0.72000, 8844.0
0.73000, 6563.0
0.74000, 4438.0
0.75000, 2717.0
0.76000, 1499.0
0.77000, 827.0
0.78000, 531.0
0.79000, 364.0
0.80000, 311.0
0.81000, 276.0
0.82000, 227.0
0.83000, 238.0
0.84000, 223.0
0.85000, 211.0
0.86000, 187.0
0.87000, 182.0
0.88000, 187.0
0.89000, 175.0
0.90000, 176.0
0.91000, 218.0
0.92000, 234.0
0.93000, 237.0
0.94000, 218.0
0.95000, 220.0
0.96000, 234.0
0.97000, 233.0
0.98000, 244.0
0.99000, 227.0
1.00000, 218.0
1.01000, 228.0
1.02000, 214.0
1.03000, 249.0
1.04000, 244.0
1.05000, 250.0
1.06000, 254.0
1.07000, 252.0
1.08000, 249.0
1.09000, 267.0
1.10000, 281.0
1.11000, 252.0
1.12000, 258.0
1.13000, 276.0
1.14000, 274.0
1.15000, 279.0
1.16000, 296.0
1.17000, 303.0
1.18000, 289.0
1.19000, 273.0
1.20000, 294.0
1.21000, 286.0
1.22000, 298.0
1.23000, 313.0
1.24000, 281.0
1.25000, 312.0
1.26000, 323.0
1.27000, 343.0
1.28000, 318.0
1.29000, 298.0
1.30000, 327.0
1.31000, 308.0
1.32000, 326.0
1.33000, 322.0
1.34000, 331.0
1.35000, 318.0
1.36000, 359.0
1.37000, 347.0
1.38000, 329.0
1.39000, 351.0
1.40000, 323.0
1.41000, 345.0
1.42000, 353.0
1.43000, 356.0
1.44000, 368.0
1.45000, 359.0
1.46000, 344.0
1.47000, 344.0
1.48000, 356.0
1.49000, 353.0
1.50000, 353.0
1.51000, 351.0
1.52000, 374.0
1.53000, 343.0
1.54000, 364.0
1.55000, 386.0
1.56000, 375.0
1.57000, 363.0
1.58000, 363.0
1.59000, 366.0
1.60000, 332.0
1.61000, 338.0
1.62000, 354.0
1.63000, 381.0
1.64000, 400.0
1.65000, 374.0
1.66000, 375.0
1.67000, 377.0
1.68000, 398.0
1.69000, 387.0
1.70000, 419.0
1.71000, 431.0
1.72000, 449.0
1.73000, 516.0
1.74000, 508.0
1.75000, 546.0
1.76000, 515.0
1.77000, 487.0
1.78000, 455.0
1.79000, 457.0
1.80000, 418.0
1.81000, 378.0
1.82000, 417.0
1.83000, 393.0
1.84000, 408.0
1.85000, 411.0
1.86000, 373.0
1.87000, 388.0
1.88000, 361.0
1.89000, 369.0
1.90000, 379.0
1.91000, 352.0
1.92000, 372.0
1.93000, 375.0
1.94000, 358.0
1.95000, 391.0
1.96000, 384.0
1.97000, 410.0
1.98000, 398.0
1.99000, 378.0
2.00000, 408.0
2.01000, 395.0
2.02000, 378.0
2.03000, 375.0
2.04000, 391.0
2.05000, 382.0
2.06000, 384.0
2.07000, 354.0
2.08000, 395.0
2.09000, 418.0
2.10000, 390.0
2.11000, 389.0
2.12000, 415.0
2.13000, 403.0
2.14000, 370.0
2.15000, 382.0
2.16000, 376.0
2.17000, 400.0
2.18000, 402.0
2.19000, 375.0
2.20000, 388.0
2.21000, 394.0
2.22000, 403.0
2.23000, 388.0
2.24000, 392.0
2.25000, 422.0
2.26000, 421.0
2.27000, 436.0
2.28000, 420.0
2.29000, 497.0
2.30000, 508.0
2.31000, 492.0
2.32000, 477.0
2.33000, 461.0
2.34000, 450.0
2.35000, 422.0
2.36000, 406.0
2.37000, 425.0
2.38000, 416.0
2.39000, 396.0
2.40000, 398.0
2.41000, 413.0
2.42000, 403.0
2.43000, 420.0
2.44000, 419.0
2.45000, 423.0
2.46000, 411.0
2.47000, 420.0
2.48000, 408.0
2.49000, 391.0
2.50000, 406.0
2.51000, 402.0
2.52000, 427.0
2.53000, 417.0
2.54000, 380.0
2.55000, 408.0
2.56000, 410.0
2.57000, 420.0
2.58000, 394.0
2.59000, 404.0
2.60000, 413.0
2.61000, 406.0
2.62000, 375.0
2.63000, 389.0
2.64000, 374.0
2.65000, 391.0
2.66000, 376.0
2.67000, 381.0
2.68000, 401.0
2.69000, 370.0
2.70000, 394.0
2.71000, 384.0
2.72000, 377.0
2.73000, 374.0
2.74000, 364.0
2.75000, 356.0
2.76000, 354.0
2.77000, 368.0
2.78000, 385.0
2.79000, 394.0
2.80000, 401.0
2.81000, 371.0
2.82000, 373.0
2.83000, 403.0
2.84000, 369.0
2.85000, 372.0
2.86000, 359.0
2.87000, 361.0
2.88000, 348.0
2.89000, 367.0
2.90000, 385.0
2.91000, 367.0
2.92000, 350.0
2.93000, 362.0
2.94000, 369.0
2.95000, 353.0
2.96000, 363.0
2.97000, 357.0
2.98000, 372.0
2.99000, 348.0
3.00000, 347.0
3.01000, 359.0
3.02000, 350.0
3.03000, 364.0
3.04000, 364.0
3.05000, 351.0
3.06000, 366.0
3.07000, 380.0
3.08000, 347.0
3.09000, 360.0
3.10000, 340.0
3.11000, 368.0
3.12000, 363.0
3.13000, 359.0
3.14000, 353.0
3.15000, 391.0
3.16000, 375.0
3.17000, 373.0
3.18000, 334.0
3.19000, 378.0
3.20000, 385.0
3.21000, 386.0
3.22000, 368.0
3.23000, 366.0
3.24000, 353.0
3.25000, 368.0
3.26000, 344.0
3.27000, 350.0
3.28000, 364.0
3.29000, 346.0
3.30000, 343.0
3.31000, 384.0
3.32000, 351.0
3.33000, 346.0
3.34000, 358.0
3.35000, 338.0
3.36000, 352.0
3.37000, 325.0
3.38000, 356.0
3.39000, 319.0
3.40000, 311.0
3.41000, 330.0
3.42000, 333.0
3.43000, 336.0
3.44000, 359.0
3.45000, 336.0
3.46000, 346.0
3.47000, 341.0
3.48000, 330.0
3.49000, 330.0
3.50000, 328.0
3.51000, 337.0
3.52000, 330.0
3.53000, 338.0
3.54000, 366.0
3.55000, 329.0
3.56000, 328.0
3.57000, 332.0
3.58000, 333.0
3.59000, 314.0
3.60000, 324.0
3.61000, 335.0
3.62000, 318.0
3.63000, 331.0
3.64000, 299.0
3.65000, 323.0
3.66000, 329.0
3.67000, 304.0
3.68000, 319.0
3.69000, 340.0
3.70000, 328.0
3.71000, 297.0
3.72000, 323.0
3.73000, 317.0
3.74000, 318.0
3.75000, 327.0
3.76000, 314.0
3.77000, 315.0
3.78000, 299.0
3.79000, 314.0
3.80000, 341.0
3.81000, 355.0
3.82000, 345.0
3.83000, 308.0
3.84000, 308.0
3.85000, 311.0
3.86000, 322.0
3.87000, 302.0
3.88000, 323.0
3.89000, 308.0
3.90000, 307.0
3.91000, 336.0
3.92000, 321.0
3.93000, 318.0
3.94000, 348.0
3.95000, 318.0
3.96000, 342.0
3.97000, 330.0
3.98000, 280.0
3.99000, 289.0
4.00000, 297.0
4.01000, 302.0
4.02000, 293.0
4.03000, 298.0
4.04000, 281.0
4.05000, 281.0
4.06000, 311.0
4.07000, 315.0
4.08000, 290.0
4.09000, 295.0
4.10000, 281.0
4.11000, 285.0
4.12000, 278.0
4.13000, 280.0
4.14000, 289.0
4.15000, 285.0
4.16000, 309.0
4.17000, 285.0
4.18000, 304.0
4.19000, 323.0
4.20000, 285.0
4.21000, 304.0
4.22000, 302.0
4.23000, 281.0
4.24000, 295.0
4.25000, 277.0
4.26000, 300.0
4.27000, 298.0
4.28000, 298.0
4.29000, 297.0
4.30000, 295.0
4.31000, 305.0
4.32000, 275.0
4.33000, 302.0
4.34000, 279.0
4.35000, 270.0
4.36000, 261.0
4.37000, 266.0
4.38000, 294.0
4.39000, 272.0
4.40000, 279.0
4.41000, 297.0
4.42000, 289.0
4.43000, 302.0
4.44000, 284.0
4.45000, 290.0
4.46000, 304.0
4.47000, 292.0
4.48000, 294.0
4.49000, 274.0
4.50000, 277.0
4.51000, 272.0
4.52000, 256.0
4.53000, 281.0
4.54000, 288.0
4.55000, 300.0
4.56000, 301.0
4.57000, 300.0
4.58000, 313.0
4.59000, 311.0
4.60000, 275.0
4.61000, 313.0
4.62000, 330.0
4.63000, 347.0
4.64000, 307.0
4.65000, 333.0
4.66000, 332.0
4.67000, 347.0
4.68000, 329.0
4.69000, 326.0
4.70000, 305.0
4.71000, 293.0
4.72000, 266.0
4.73000, 278.0
4.74000, 282.0
4.75000, 296.0
4.76000, 265.0
4.77000, 259.0
4.78000, 243.0
4.79000, 277.0
4.80000, 245.0
4.81000, 260.0
4.82000, 248.0
4.83000, 251.0
4.84000, 286.0
4.85000, 252.0
4.86000, 249.0
4.87000, 263.0
4.88000, 275.0
4.89000, 263.0
4.90000, 262.0
4.91000, 289.0
4.92000, 266.0
4.93000, 291.0
4.94000, 305.0
4.95000, 296.0
4.96000, 302.0
4.97000, 318.0
4.98000, 295.0
4.99000, 282.0
5.00000, 278.0
5.01000, 294.0
5.02000, 260.0
5.03000, 267.0
5.04000, 274.0
5.05000, 248.0
5.06000, 235.0
5.07000, 245.0
5.08000, 246.0
5.09000, 244.0
5.10000, 246.0
5.11000, 254.0
5.12000, 237.0
5.13000, 231.0
5.14000, 243.0
5.15000, 234.0
5.16000, 229.0
5.17000, 246.0
5.18000, 238.0
5.19000, 249.0
5.20000, 217.0
5.21000, 236.0
5.22000, 228.0
5.23000, 221.0
5.24000, 248.0
5.25000, 259.0
5.26000, 231.0
5.27000, 223.0
5.28000, 244.0
5.29000, 255.0
5.30000, 258.0
5.31000, 243.0
5.32000, 253.0
5.33000, 254.0
5.34000, 272.0
5.35000, 285.0
5.36000, 283.0
5.37000, 321.0
5.38000, 316.0
5.39000, 301.0
5.40000, 286.0
5.41000, 310.0
5.42000, 307.0
5.43000, 307.0
5.44000, 287.0
5.45000, 271.0
5.46000, 283.0
5.47000, 244.0
5.48000, 278.0
5.49000, 252.0
5.50000, 248.0
5.51000, 247.0
5.52000, 239.0
5.53000, 228.0
5.54000, 229.0
5.55000, 239.0
5.56000, 240.0
5.57000, 249.0
5.58000, 211.0
5.59000, 242.0
5.60000, 218.0
5.61000, 191.0
5.62000, 232.0
5.63000, 206.0
5.64000, 229.0
5.65000, 217.0
5.66000, 203.0
5.67000, 222.0
5.68000, 228.0
5.69000, 226.0
5.70000, 214.0
5.71000, 215.0
5.72000, 206.0
5.73000, 236.0
5.74000, 234.0
5.75000, 228.0
5.76000, 220.0
5.77000, 230.0
5.78000, 235.0
5.79000, 253.0
5.80000, 273.0
5.81000, 295.0
5.82000, 316.0
5.83000, 369.0
5.84000, 371.0
5.85000, 433.0
5.86000, 461.0
5.87000, 455.0
5.88000, 514.0
5.89000, 495.0
5.90000, 506.0
5.91000, 527.0
5.92000, 478.0
5.93000, 450.0
5.94000, 401.0
5.95000, 364.0
5.96000, 356.0
5.97000, 319.0
5.98000, 293.0
5.99000, 279.0
6.00000, 279.0
6.01000, 246.0
6.02000, 236.0
6.03000, 232.0
6.04000, 220.0
6.05000, 229.0
6.06000, 228.0
6.07000, 225.0
6.08000, 212.0
6.09000, 206.0
6.10000, 223.0
6.11000, 204.0
6.12000, 235.0
6.13000, 232.0
6.14000, 245.0
6.15000, 223.0
6.16000, 242.0
6.17000, 250.0
6.18000, 239.0
6.19000, 277.0
6.20000, 281.0
6.21000, 324.0
6.22000, 330.0
6.23000, 457.0
6.24000, 548.0
6.25000, 763.0
6.26000, 1094.0
6.27000, 1419.0
6.28000, 1951.0
6.29000, 2737.0
6.30000, 3792.0
6.31000, 5022.0
6.32000, 6412.0
6.33000, 8122.0
6.34000, 10007.0
6.35000, 11643.0
6.36000, 13367.0
6.37000, 15046.0
6.38000, 16144.0
6.39000, 17093.0
6.40000, 17271.0
6.41000, 17093.0
6.42000, 16238.0
6.43000, 15131.0
6.44000, 13574.0
6.45000, 11859.0
6.46000, 9895.0
6.47000, 8043.0
6.48000, 6403.0
6.49000, 4956.0
6.50000, 3629.0
6.51000, 2718.0
6.52000, 2023.0
6.53000, 1409.0
6.54000, 974.0
6.55000, 701.0
6.56000, 527.0
6.57000, 382.0
6.58000, 311.0
6.59000, 282.0
6.60000, 246.0
6.61000, 213.0
6.62000, 217.0
6.63000, 216.0
6.64000, 235.0
6.65000, 205.0
6.66000, 193.0
6.67000, 208.0
6.68000, 178.0
6.69000, 168.0
6.70000, 205.0
6.71000, 179.0
6.72000, 216.0
6.73000, 202.0
6.74000, 213.0
6.75000, 188.0
6.76000, 181.0
6.77000, 184.0
6.78000, 191.0
6.79000, 208.0
6.80000, 227.0
6.81000, 204.0
6.82000, 202.0
6.83000, 210.0
6.84000, 220.0
6.85000, 229.0
6.86000, 235.0
6.87000, 259.0
6.88000, 272.0
6.89000, 264.0
6.90000, 291.0
6.91000, 346.0
6.92000, 426.0
6.93000, 468.0
6.94000, 517.0
6.95000, 690.0
6.96000, 820.0
6.97000, 1008.0
6.98000, 1221.0
6.99000, 1325.0
7.00000, 1558.0
7.01000, 1860.0
7.02000, 2083.0
7.03000, 2235.0
7.04000, 2347.0
7.05000, 2299.0
7.06000, 2405.0
7.07000, 2287.0
7.08000, 2113.0
7.09000, 2034.0
7.10000, 1826.0
7.11000, 1576.0
7.12000, 1312.0
7.13000, 1086.0
7.14000, 946.0
7.15000, 760.0
7.16000, 578.0
7.17000, 456.0
7.18000, 367.0
7.19000, 306.0
7.20000, 222.0
7.21000, 183.0
7.22000, 158.0
7.23000, 138.0
7.24000, 128.0
7.25000, 122.0
7.26000, 106.0
7.27000, 102.0
7.28000, 109.0
7.29000, 95.0
7.30000, 107.0
7.31000, 92.0
7.32000, 120.0
7.33000, 117.0
7.34000, 116.0
7.35000, 93.0
7.36000, 113.0
7.37000, 107.0
7.38000, 108.0
7.39000, 131.0
7.40000, 120.0
7.41000, 109.0
7.42000, 122.0
7.43000, 125.0
7.44000, 97.0
7.45000, 110.0
7.46000, 110.0
7.47000, 112.0
7.48000, 115.0
7.49000, 109.0
7.50000, 126.0
7.51000, 126.0
7.52000, 121.0
7.53000, 110.0
7.54000, 111.0
7.55000, 115.0
7.56000, 94.0
7.57000, 102.0
7.58000, 106.0
7.59000, 99.0
7.60000, 113.0
7.61000, 106.0
7.62000, 108.0
7.63000, 105.0
7.64000, 110.0
7.65000, 102.0
7.66000, 109.0
7.67000, 76.0
7.68000, 85.0
7.69000, 104.0
7.70000, 104.0
7.71000, 109.0
7.72000, 101.0
7.73000, 100.0
7.74000, 97.0
7.75000, 100.0
7.76000, 112.0
7.77000, 108.0
7.78000, 105.0
7.79000, 102.0
7.80000, 98.0
7.81000, 100.0
7.82000, 97.0
7.83000, 120.0
7.84000, 104.0
7.85000, 97.0
7.86000, 108.0
7.87000, 95.0
7.88000, 118.0
7.89000, 106.0
7.90000, 93.0
7.91000, 104.0
7.92000, 95.0
7.93000, 106.0
7.94000, 109.0
7.95000, 123.0
7.96000, 110.0
7.97000, 112.0
7.98000, 126.0
7.99000, 120.0
8.00000, 123.0
8.01000, 125.0
8.02000, 112.0
8.03000, 121.0
8.04000, 122.0
8.05000, 123.0
8.06000, 121.0
8.07000, 119.0
8.08000, 116.0
8.09000, 112.0
8.10000, 117.0
8.11000, 112.0
8.12000, 106.0
8.13000, 92.0
8.14000, 109.0
8.15000, 102.0
8.16000, 110.0
8.17000, 103.0
8.18000, 107.0
8.19000, 104.0
8.20000, 94.0
8.21000, 89.0
8.22000, 93.0
8.23000, 87.0
8.24000, 115.0
8.25000, 91.0
8.26000, 96.0
8.27000, 95.0
8.28000, 111.0
8.29000, 88.0
8.30000, 115.0
8.31000, 93.0
8.32000, 93.0
8.33000, 94.0
8.34000, 95.0
8.35000, 103.0
8.36000, 100.0
8.37000, 87.0
8.38000, 89.0
8.39000, 93.0
8.40000, 79.0
8.41000, 93.0
8.42000, 91.0
8.43000, 79.0
8.44000, 102.0
8.45000, 103.0
8.46000, 94.0
8.47000, 99.0
8.48000, 99.0
8.49000, 87.0
8.50000, 86.0
8.51000, 106.0
8.52000, 89.0
8.53000, 90.0
8.54000, 92.0
8.55000, 105.0
8.56000, 87.0
8.57000, 84.0
8.58000, 84.0
8.59000, 94.0
8.60000, 88.0
8.61000, 101.0
8.62000, 90.0
8.63000, 86.0
8.64000, 105.0
8.65000, 85.0
8.66000, 81.0
8.67000, 95.0
8.68000, 68.0
8.69000, 82.0
8.70000, 90.0
8.71000, 90.0
8.72000, 107.0
8.73000, 88.0
8.74000, 83.0
8.75000, 95.0
8.76000, 88.0
8.77000, 78.0
8.78000, 85.0
8.79000, 83.0
8.80000, 97.0
8.81000, 94.0
8.82000, 100.0
8.83000, 104.0
8.84000, 94.0
8.85000, 84.0
8.86000, 91.0
8.87000, 90.0
8.88000, 83.0
8.89000, 88.0
8.90000, 85.0
8.91000, 98.0
8.92000, 101.0
8.93000, 90.0
8.94000, 97.0
8.95000, 95.0
8.96000, 81.0
8.97000, 75.0
8.98000, 79.0
8.99000, 82.0
9.00000, 96.0
9.01000, 96.0
9.02000, 91.0
9.03000, 99.0
9.04000, 86.0
9.05000, 87.0
9.06000, 84.0
9.07000, 84.0
9.08000, 83.0
9.09000, 96.0
9.10000, 104.0
9.11000, 96.0
9.12000, 99.0
9.13000, 83.0
9.14000, 78.0
9.15000, 96.0
9.16000, 98.0
9.17000, 85.0
9.18000, 101.0
9.19000, 97.0
9.20000, 96.0
9.21000, 79.0
9.22000, 81.0
9.23000, 94.0
9.24000, 84.0
9.25000, 98.0
9.26000, 100.0
9.27000, 103.0
9.28000, 80.0
9.29000, 72.0
9.30000, 83.0
9.31000, 89.0
9.32000, 71.0
9.33000, 77.0
9.34000, 85.0
9.35000, 82.0
9.36000, 88.0
9.37000, 96.0
9.38000, 89.0
9.39000, 83.0
9.40000, 68.0
9.41000, 85.0
9.42000, 88.0
9.43000, 89.0
9.44000, 72.0
9.45000, 88.0
9.46000, 76.0
9.47000, 89.0
9.48000, 79.0
9.49000, 70.0
9.50000, 74.0
9.51000, 85.0
9.52000, 81.0
9.53000, 76.0
9.54000, 83.0
9.55000, 79.0
9.56000, 79.0
9.57000, 83.0
9.58000, 76.0
9.59000, 77.0
9.60000, 81.0
9.61000, 86.0
9.62000, 87.0
9.63000, 73.0
9.64000, 77.0
9.65000, 69.0
9.66000, 73.0
9.67000, 78.0
9.68000, 70.0
9.69000, 75.0
9.70000, 71.0
9.71000, 70.0
9.72000, 76.0
9.73000, 83.0
9.74000, 81.0
9.75000, 67.0
9.76000, 84.0
9.77000, 72.0
9.78000, 70.0
9.79000, 88.0
9.80000, 85.0
9.81000, 69.0
9.82000, 71.0
9.83000, 74.0
9.84000, 72.0
9.85000, 70.0
9.86000, 83.0
9.87000, 85.0
9.88000, 79.0
9.89000, 77.0
9.90000, 81.0
9.91000, 67.0
9.92000, 89.0
9.93000, 72.0
9.94000, 83.0
9.95000, 87.0
9.96000, 85.0
9.97000, 79.0
9.98000, 70.0
9.99000, 77.0
10.00000, 81.0
10.01000, 87.0
10.02000, 78.0
10.03000, 76.0
10.04000, 84.0
10.05000, 77.0
10.06000, 74.0
10.07000, 69.0
10.08000, 68.0
10.09000, 83.0
10.10000, 73.0
10.11000, 58.0
10.12000, 82.0
10.13000, 63.0
10.14000, 63.0
10.15000, 73.0
10.16000, 84.0
10.17000, 79.0
10.18000, 59.0
10.19000, 64.0
10.20000, 70.0
10.21000, 77.0
10.22000, 80.0
10.23000, 79.0
10.24000, 65.0
10.25000, 72.0
10.26000, 63.0
10.27000, 65.0
10.28000, 67.0
10.29000, 78.0
10.30000, 70.0
10.31000, 61.0
10.32000, 64.0
10.33000, 58.0
10.34000, 69.0
10.35000, 69.0
10.36000, 80.0
10.37000, 60.0
10.38000, 66.0
10.39000, 69.0
10.40000, 60.0
10.41000, 79.0
10.42000, 68.0
10.43000, 56.0
10.44000, 74.0
10.45000, 65.0
10.46000, 70.0
10.47000, 67.0
10.48000, 69.0
10.49000, 68.0
10.50000, 68.0
10.51000, 62.0
10.52000, 67.0
10.53000, 59.0
10.54000, 73.0
10.55000, 68.0
10.56000, 68.0
10.57000, 68.0
10.58000, 65.0
10.59000, 65.0
10.60000, 72.0
10.61000, 72.0
10.62000, 69.0
10.63000, 62.0
10.64000, 68.0
10.65000, 76.0
10.66000, 65.0
10.67000, 67.0
10.68000, 75.0
10.69000, 84.0
10.70000, 56.0
10.71000, 70.0
10.72000, 61.0
10.73000, 51.0
10.74000, 68.0
10.75000, 62.0
10.76000, 65.0
10.77000, 51.0
10.78000, 74.0
10.79000, 75.0
10.80000, 70.0
10.81000, 67.0
10.82000, 57.0
10.83000, 55.0
10.84000, 66.0
10.85000, 77.0
10.86000, 63.0
10.87000, 71.0
10.88000, 63.0
10.89000, 68.0
10.90000, 74.0
10.91000, 59.0
10.92000, 67.0
10.93000, 61.0
10.94000, 54.0
10.95000, 52.0
10.96000, 60.0
10.97000, 64.0
10.98000, 44.0
10.99000, 62.0
11.00000, 59.0
11.01000, 54.0
11.02000, 55.0
11.03000, 55.0
11.04000, 65.0
11.05000, 59.0
11.06000, 78.0
11.07000, 57.0
11.08000, 57.0
11.09000, 64.0
11.10000, 66.0
11.11000, 62.0
11.12000, 53.0
11.13000, 60.0
11.14000, 62.0
11.15000, 58.0
11.16000, 53.0
11.17000, 60.0
11.18000, 59.0
11.19000, 63.0
11.20000, 51.0
11.21000, 55.0
11.22000, 52.0
11.23000, 55.0
11.24000, 53.0
11.25000, 47.0
11.26000, 50.0
11.27000, 53.0
11.28000, 65.0
11.29000, 59.0
11.30000, 51.0
11.31000, 56.0
11.32000, 57.0
11.33000, 55.0
11.34000, 50.0
11.35000, 66.0
11.36000, 56.0
11.37000, 62.0
11.38000, 51.0
11.39000, 60.0
11.40000, 51.0
11.41000, 46.0
11.42000, 49.0
11.43000, 51.0
11.44000, 57.0
11.45000, 70.0
11.46000, 53.0
11.47000, 58.0
11.48000, 50.0
11.49000, 53.0
11.50000, 57.0
11.51000, 52.0
11.52000, 65.0
11.53000, 57.0
11.54000, 61.0
11.55000, 48.0
11.56000, 55.0
11.57000, 45.0
11.58000, 51.0
11.59000, 63.0
11.60000, 45.0
11.61000, 56.0
11.62000, 62.0
11.63000, 54.0
11.64000, 52.0
11.65000, 48.0
11.66000, 40.0
11.67000, 34.0
11.68000, 47.0
11.69000, 46.0
11.70000, 58.0
11.71000, 52.0
11.72000, 58.0
11.73000, 50.0
11.74000, 51.0
11.75000, 57.0
11.76000, 56.0
11.77000, 46.0
11.78000, 47.0
11.79000, 60.0
11.80000, 52.0
11.81000, 59.0
11.82000, 52.0
11.83000, 48.0
11.84000, 55.0
11.85000, 37.0
11.86000, 55.0
11.87000, 35.0
11.88000, 48.0
11.89000, 51.0
11.90000, 59.0
11.91000, 56.0
11.92000, 50.0
11.93000, 43.0
11.94000, 47.0
11.95000, 45.0
11.96000, 43.0
11.97000, 38.0
11.98000, 46.0
11.99000, 55.0
12.00000, 51.0
12.01000, 47.0
12.02000, 48.0
12.03000, 51.0
12.04000, 51.0
12.05000, 46.0
12.06000, 42.0
12.07000, 60.0
12.08000, 54.0
12.09000, 42.0
12.10000, 62.0
12.11000, 56.0
12.12000, 46.0
12.13000, 36.0
12.14000, 49.0
12.15000, 44.0
12.16000, 43.0
12.17000, 52.0
12.18000, 43.0
12.19000, 53.0
12.20000, 49.0
12.21000, 41.0
12.22000, 45.0
12.23000, 47.0
12.24000, 56.0
12.25000, 53.0
12.26000, 56.0
12.27000, 43.0
12.28000, 46.0
12.29000, 37.0
12.30000, 48.0
12.31000, 38.0
12.32000, 46.0
12.33000, 53.0
12.34000, 50.0
12.35000, 50.0
12.36000, 56.0
12.37000, 47.0
12.38000, 45.0
12.39000, 37.0
12.40000, 49.0
12.41000, 43.0
12.42000, 47.0
12.43000, 52.0
12.44000, 45.0
12.45000, 37.0
12.46000, 37.0
12.47000, 48.0
12.48000, 35.0
12.49000, 51.0
12.50000, 41.0
12.51000, 45.0
12.52000, 47.0
12.53000, 56.0
12.54000, 61.0
12.55000, 51.0
12.56000, 44.0
12.57000, 51.0
12.58000, 40.0
12.59000, 54.0
12.60000, 41.0
12.61000, 47.0
12.62000, 28.0
12.63000, 37.0
12.64000, 48.0
12.65000, 38.0
12.66000, 55.0
12.67000, 45.0
12.68000, 44.0
12.69000, 53.0
12.70000, 37.0
12.71000, 45.0
12.72000, 52.0
12.73000, 51.0
12.74000, 43.0
12.75000, 58.0
12.76000, 56.0
12.77000, 64.0
12.78000, 60.0
12.79000, 59.0
12.80000, 65.0
12.81000, 62.0
12.82000, 66.0
12.83000, 54.0
12.84000, 63.0
12.85000, 51.0
12.86000, 57.0
12.87000, 65.0
12.88000, 59.0
12.89000, 51.0
12.90000, 44.0
12.91000, 53.0
12.92000, 45.0
12.93000, 34.0
12.94000, 40.0
12.95000, 52.0
12.96000, 40.0
12.97000, 34.0
12.98000, 41.0
12.99000, 41.0
13.00000, 34.0
13.01000, 33.0
13.02000, 35.0
13.03000, 41.0
13.04000, 36.0
13.05000, 45.0
13.06000, 32.0
13.07000, 43.0
13.08000, 44.0
13.09000, 27.0
13.10000, 27.0
13.11000, 28.0
13.12000, 38.0
13.13000, 31.0
13.14000, 41.0
13.15000, 47.0
13.16000, 33.0
13.17000, 39.0
13.18000, 28.0
13.19000, 27.0
13.20000, 43.0
13.21000, 32.0
13.22000, 42.0
13.23000, 35.0
13.24000, 32.0
13.25000, 34.0
13.26000, 32.0
13.27000, 34.0
13.28000, 33.0
13.29000, 38.0
13.30000, 35.0
13.31000, 32.0
13.32000, 29.0
13.33000, 33.0
13.34000, 38.0
13.35000, 32.0
13.36000, 42.0
13.37000, 39.0
13.38000, 49.0
13.39000, 42.0
13.40000, 29.0
13.41000, 38.0
13.42000, 32.0
13.43000, 41.0
13.44000, 28.0
13.45000, 44.0
13.46000, 31.0
13.47000, 38.0
13.48000, 38.0
13.49000, 40.0
13.50000, 43.0
13.51000, 38.0
13.52000, 34.0
13.53000, 45.0
13.54000, 29.0
13.55000, 37.0
13.56000, 29.0
13.57000, 30.0
13.58000, 40.0
13.59000, 28.0
13.60000, 30.0
13.61000, 30.0
13.62000, 37.0
13.63000, 32.0
13.64000, 32.0
13.65000, 32.0
13.66000, 32.0
13.67000, 33.0
13.68000, 22.0
13.69000, 35.0
13.70000, 24.0
13.71000, 39.0
13.72000, 26.0
13.73000, 39.0
13.74000, 29.0
13.75000, 37.0
13.76000, 22.0
13.77000, 25.0
13.78000, 19.0
13.79000, 24.0
13.80000, 28.0
13.81000, 27.0
13.82000, 27.0
13.83000, 23.0
13.84000, 38.0
13.85000, 28.0
13.86000, 41.0
13.87000, 28.0
13.88000, 31.0
13.89000, 26.0
13.90000, 26.0
13.91000, 33.0
13.92000, 29.0
13.93000, 33.0
13.94000, 42.0
13.95000, 22.0
13.96000, 16.0
13.97000, 26.0
13.98000, 25.0
13.99000, 33.0
14.00000, 22.0
14.01000, 36.0
14.02000, 26.0
14.03000, 29.0
14.04000, 25.0
14.05000, 17.0
14.06000, 23.0
14.07000, 21.0
14.08000, 33.0
14.09000, 31.0
14.10000, 17.0
14.11000, 22.0
14.12000, 24.0
14.13000, 20.0
14.14000, 26.0
14.15000, 23.0
14.16000, 22.0
14.17000, 31.0
14.18000, 14.0
14.19000, 24.0
14.20000, 15.0
14.21000, 24.0
14.22000, 18.0
14.23000, 31.0
14.24000, 21.0
14.25000, 23.0
14.26000, 27.0
14.27000, 29.0
14.28000, 27.0
14.29000, 24.0
14.30000, 26.0
14.31000, 24.0
14.32000, 29.0
14.33000, 34.0
14.34000, 26.0
14.35000, 15.0
14.36000, 28.0
14.37000, 20.0
14.38000, 29.0
14.39000, 20.0
14.40000, 26.0
14.41000, 24.0
14.42000, 30.0
14.43000, 26.0
14.44000, 25.0
14.45000, 21.0
14.46000, 26.0
14.47000, 22.0
14.48000, 30.0
14.49000, 28.0
14.50000, 21.0
14.51000, 27.0
14.52000, 30.0
14.53000, 26.0
14.54000, 25.0
14.55000, 27.0
14.56000, 18.0
14.57000, 12.0
14.58000, 22.0
14.59000, 28.0
14.60000, 13.0
14.61000, 11.0
14.62000, 21.0
14.63000, 22.0
14.64000, 13.0
14.65000, 35.0
14.66000, 23.0
14.67000, 21.0
14.68000, 20.0
14.69000, 25.0
14.70000, 30.0
14.71000, 29.0
14.72000, 18.0
14.73000, 17.0
14.74000, 19.0
14.75000, 26.0
14.76000, 14.0
14.77000, 24.0
14.78000, 24.0
14.79000, 24.0
14.80000, 23.0
14.81000, 14.0
14.82000, 25.0
14.83000, 22.0
14.84000, 20.0
14.85000, 23.0
14.86000, 27.0
14.87000, 13.0
14.88000, 25.0
14.89000, 19.0
14.90000, 27.0
14.91000, 22.0
14.92000, 20.0
14.93000, 21.0
14.94000, 17.0
14.95000, 25.0
14.96000, 30.0
14.97000, 24.0
14.98000, 30.0
14.99000, 16.0
15.00000, 26.0
15.01000, 21.0
15.02000, 15.0
15.03000, 25.0
15.04000, 16.0
15.05000, 13.0
15.06000, 15.0
15.07000, 11.0
15.08000, 17.0
15.09000, 8.0
15.10000, 32.0
15.11000, 18.0
15.12000, 19.0
15.13000, 17.0
15.14000, 14.0
15.15000, 24.0
15.16000, 22.0
15.17000, 24.0
15.18000, 13.0
15.19000, 31.0
15.20000, 14.0
15.21000, 14.0
15.22000, 17.0
15.23000, 22.0
15.24000, 20.0
15.25000, 15.0
15.26000, 20.0
15.27000, 11.0
15.28000, 26.0
15.29000, 19.0
15.30000, 21.0
15.31000, 16.0
15.32000, 24.0
15.33000, 21.0
15.34000, 25.0
15.35000, 21.0
15.36000, 18.0
15.37000, 23.0
15.38000, 15.0
15.39000, 13.0
15.40000, 17.0
15.41000, 28.0
15.42000, 14.0
15.43000, 11.0
15.44000, 16.0
15.45000, 18.0
15.46000, 16.0
15.47000, 13.0
15.48000, 24.0
15.49000, 15.0
15.50000, 20.0
15.51000, 17.0
15.52000, 19.0
15.53000, 18.0
15.54000, 18.0
15.55000, 18.0
15.56000, 21.0
15.57000, 20.0
15.58000, 15.0
15.59000, 21.0
15.60000, 16.0
15.61000, 15.0
15.62000, 14.0
15.63000, 15.0
15.64000, 16.0
15.65000, 15.0
15.66000, 25.0
15.67000, 15.0
15.68000, 13.0
15.69000, 22.0
15.70000, 19.0
15.71000, 12.0
15.72000, 14.0
15.73000, 14.0
15.74000, 11.0
15.75000, 14.0
15.76000, 12.0
15.77000, 13.0
15.78000, 9.0
15.79000, 8.0
15.80000, 14.0
15.81000, 20.0
15.82000, 13.0
15.83000, 22.0
15.84000, 13.0
15.85000, 16.0
15.86000, 17.0
15.87000, 13.0
15.88000, 15.0
15.89000, 19.0
15.90000, 8.0
15.91000, 14.0
15.92000, 12.0
15.93000, 20.0
15.94000, 16.0
15.95000, 15.0
15.96000, 10.0
15.97000, 17.0
15.98000, 10.0
15.99000, 10.0
16.00000, 23.0
16.01000, 11.0
16.02000, 22.0
16.03000, 13.0
16.04000, 13.0
16.05000, 20.0
16.06000, 16.0
16.07000, 18.0
16.08000, 11.0
16.09000, 10.0
16.10000, 11.0
16.11000, 16.0
16.12000, 19.0
16.13000, 18.0
16.14000, 12.0
16.15000, 14.0
16.16000, 19.0
16.17000, 16.0
16.18000, 9.0
16.19000, 14.0
16.20000, 13.0
16.21000, 14.0
16.22000, 13.0
16.23000, 10.0
16.24000, 13.0
16.25000, 13.0
16.26000, 15.0
16.27000, 11.0
16.28000, 14.0
16.29000, 10.0
16.30000, 16.0
16.31000, 15.0
16.32000, 12.0
16.33000, 15.0
16.34000, 7.0
16.35000, 10.0
16.36000, 14.0
16.37000, 14.0
16.38000, 14.0
16.39000, 15.0
16.40000, 9.0
16.41000, 11.0
16.42000, 20.0
16.43000, 14.0
16.44000, 6.0
16.45000, 6.0
16.46000, 11.0
16.47000, 9.0
16.48000, 8.0
16.49000, 9.0
16.50000, 17.0
16.51000, 15.0
16.52000, 7.0
16.53000, 14.0
16.54000, 9.0
16.55000, 14.0
16.56000, 12.0
16.57000, 13.0
16.58000, 18.0
16.59000, 12.0
16.60000, 8.0
16.61000, 14.0
16.62000, 13.0
16.63000, 12.0
16.64000, 10.0
16.65000, 12.0
16.66000, 7.0
16.67000, 14.0
16.68000, 10.0
16.69000, 10.0
16.70000, 13.0
16.71000, 19.0
16.72000, 9.0
16.73000, 5.0
16.74000, 11.0
16.75000, 9.0
16.76000, 9.0
16.77000, 12.0
16.78000, 13.0
16.79000, 9.0
16.80000, 8.0
16.81000, 11.0
16.82000, 4.0
16.83000, 8.0
16.84000, 6.0
16.85000, 12.0
16.86000, 6.0
16.87000, 9.0
16.88000, 13.0
16.89000, 4.0
16.90000, 8.0
16.91000, 9.0
16.92000, 16.0
16.93000, 9.0
16.94000, 8.0
16.95000, 8.0
16.96000, 13.0
16.97000, 6.0
16.98000, 8.0
16.99000, 9.0
17.00000, 10.0
17.01000, 14.0
17.02000, 12.0
17.03000, 9.0
17.04000, 8.0
17.05000, 7.0
17.06000, 15.0
17.07000, 7.0
17.08000, 6.0
17.09000, 9.0
17.10000, 9.0
17.11000, 6.0
17.12000, 7.0
17.13000, 5.0
17.14000, 10.0
17.15000, 4.0
17.16000, 11.0
17.17000, 5.0
17.18000, 10.0
17.19000, 8.0
17.20000, 7.0
17.21000, 5.0
17.22000, 8.0
17.23000, 10.0
17.24000, 7.0
17.25000, 6.0
17.26000, 8.0
17.27000, 7.0
17.28000, 7.0
17.29000, 10.0
17.30000, 3.0
17.31000, 7.0
17.32000, 6.0
17.33000, 9.0
17.34000, 13.0
17.35000, 9.0
17.36000, 11.0
17.37000, 7.0
17.38000, 11.0
17.39000, 5.0
17.40000, 8.0
17.41000, 9.0
17.42000, 12.0
17.43000, 7.0
17.44000, 10.0
17.45000, 7.0
17.46000, 4.0
17.47000, 8.0
17.48000, 7.0
17.49000, 2.0
17.50000, 6.0
17.51000, 6.0
17.52000, 7.0
17.53000, 4.0
17.54000, 2.0
17.55000, 9.0
17.56000, 11.0
17.57000, 9.0
17.58000, 7.0
17.59000, 5.0
17.60000, 7.0
17.61000, 3.0
17.62000, 8.0
17.63000, 6.0
17.64000, 6.0
17.65000, 9.0
17.66000, 3.0
17.67000, 8.0
17.68000, 4.0
17.69000, 3.0
17.70000, 9.0
17.71000, 4.0
17.72000, 7.0
17.73000, 3.0
17.74000, 6.0
17.75000, 7.0
17.76000, 7.0
17.77000, 5.0
17.78000, 6.0
17.79000, 6.0
17.80000, 3.0
17.81000, 4.0
17.82000, 3.0
17.83000, 2.0
17.84000, 3.0
17.85000, 4.0
17.86000, 5.0
17.87000, 5.0
17.88000, 5.0
17.89000, 8.0
17.90000, 5.0
17.91000, 2.0
17.92000, 6.0
17.93000, 7.0
17.94000, 6.0
17.95000, 9.0
17.96000, 8.0
17.97000, 5.0
17.98000, 4.0
17.99000, 3.0
18.00000, 3.0
18.01000, 5.0
18.02000, 9.0
18.03000, 4.0
18.04000, 3.0
18.05000, 4.0
18.06000, 4.0
18.07000, 4.0
18.08000, 8.0
18.09000, 3.0
18.10000, 5.0
18.11000, 7.0
18.12000, 5.0
18.13000, 6.0
18.14000, 4.0
18.15000, 4.0
18.16000, 4.0
18.17000, 5.0
18.18000, 3.0
18.19000, 4.0
18.20000, 3.0
18.21000, 3.0
18.22000, 3.0
18.23000, 6.0
18.24000, 4.0
18.25000, 5.0
18.26000, 5.0
18.27000, 7.0
18.28000, 3.0
18.29000, 4.0
18.30000, 7.0
18.31000, 5.0
18.32000, 7.0
18.33000, 1.0
18.34000, 6.0
18.35000, 2.0
18.36000, 4.0
18.37000, 4.0
18.38000, 6.0
18.39000, 4.0
18.40000, 4.0
18.41000, 3.0
18.42000, 8.0
18.43000, 5.0
18.44000, 2.0
18.45000, 4.0
18.46000, 3.0
18.47000, 7.0
18.48000, 3.0
18.49000, 2.0
18.50000, 4.0
18.51000, 7.0
18.52000, 4.0
18.53000, 1.0
18.54000, 2.0
18.55000, 8.0
18.56000, 2.0
18.57000, 5.0
18.58000, 2.0
18.59000, 5.0
18.60000, 4.0
18.61000, 0.0
18.62000, 1.0
18.63000, 3.0
18.64000, 8.0
18.65000, 2.0
18.66000, 1.0
18.67000, 3.0
18.68000, 2.0
18.69000, 2.0
18.70000, 2.0
18.71000, 0.0
18.72000, 1.0
18.73000, 4.0
18.74000, 3.0
18.75000, 1.0
18.76000, 4.0
18.77000, 3.0
18.78000, 3.0
18.79000, 0.0
18.80000, 1.0
18.81000, 1.0
18.82000, 3.0
18.83000, 2.0
18.84000, 1.0
18.85000, 3.0
18.86000, 3.0
18.87000, 3.0
18.88000, 1.0
18.89000, 4.0
18.90000, 2.0
18.91000, 1.0
18.92000, 1.0
18.93000, 5.0
18.94000, 5.0
18.95000, 0.0
18.96000, 5.0
18.97000, 2.0
18.98000, 3.0
18.99000, 2.0
19.00000, 5.0
19.01000, 0.0
19.02000, 0.0
19.03000, 4.0
19.04000, 2.0
19.05000, 1.0
19.06000, 6.0
19.07000, 1.0
19.08000, 4.0
19.09000, 2.0
19.10000, 2.0
19.11000, 2.0
19.12000, 2.0
19.13000, 1.0
19.14000, 2.0
19.15000, 4.0
19.16000, 3.0
19.17000, 2.0
19.18000, 2.0
19.19000, 1.0
19.20000, 1.0
19.21000, 5.0
19.22000, 3.0
19.23000, 0.0
19.24000, 1.0
19.25000, 3.0
19.26000, 1.0
19.27000, 4.0
19.28000, 1.0
19.29000, 3.0
19.30000, 2.0
19.31000, 1.0
19.32000, 1.0
19.33000, 4.0
19.34000, 0.0
19.35000, 0.0
19.36000, 1.0
19.37000, 0.0
19.38000, 0.0
19.39000, 0.0
19.40000, 0.0
19.41000, 3.0
19.42000, 2.0
19.43000, 0.0
19.44000, 2.0
19.45000, 0.0
19.46000, 0.0
19.47000, 2.0
19.48000, 0.0
19.49000, 2.0
19.50000, 1.0
19.51000, 0.0
19.52000, 2.0
19.53000, 1.0
19.54000, 0.0
19.55000, 1.0
19.56000, 2.0
19.57000, 0.0
19.58000, 1.0
19.59000, 0.0
19.60000, 3.0
19.61000, 1.0
19.62000, 1.0
19.63000, 2.0
19.64000, 1.0
19.65000, 2.0
19.66000, 2.0
19.67000, 0.0
19.68000, 1.0
19.69000, 2.0
19.70000, 1.0
19.71000, 2.0
19.72000, 0.0
19.73000, 0.0
19.74000, 0.0
19.75000, 2.0
19.76000, 2.0
19.77000, 0.0
19.78000, 1.0
19.79000, 2.0
19.80000, 0.0
19.81000, 2.0
19.82000, 2.0
19.83000, 1.0
19.84000, 1.0
19.85000, 0.0
19.86000, 2.0
19.87000, 0.0
19.88000, 0.0
19.89000, 0.0
19.90000, 1.0
19.91000, 1.0
19.92000, 2.0
19.93000, 0.0
19.94000, 0.0
19.95000, 0.0
19.96000, 0.0
19.97000, 0.0
19.98000, 1.0
19.99000, 0.0
20.00000, 1.0
20.01000, 0.0
20.02000, 1.0
20.03000, 0.0
20.04000, 0.0
20.05000, 0.0
20.06000, 0.0
20.07000, 1.0
20.08000, 1.0
20.09000, 0.0
20.10000, 0.0
20.11000, 0.0
20.12000, 0.0
20.13000, 0.0
20.14000, 0.0
20.15000, 0.0
20.16000, 0.0
20.17000, 0.0
20.18000, 0.0
20.19000, 0.0
20.20000, 0.0
20.21000, 0.0
20.22000, 2.0
20.23000, 0.0
20.24000, 0.0
20.25000, 0.0
20.26000, 1.0
20.27000, 0.0
#ENDOFDATA   : 
