#FORMAT      : EMSA/MAS Spectral Data File
#VERSION     : 1.0
#TITLE       : Spectrum 2
#DATE        : 20-DEC-2021
#TIME        : 12:04
#OWNER       : 
#NPOINTS     : 2048.0
#NCOLUMNS    : 1.0
#XUNITS      : keV
#YUNITS      : counts
#DATATYPE    : XY
#XPERCHAN    : 0.01
#OFFSET      : -0.2
#SIGNALTYPE  : EDS
#CHOFFSET    : 20.0
#LIVETIME    : 40.0
#REALTIME    : 43.812992096
#BEAMKV      : 20.0
#MAGCAM      : 500.0
#XTILTSTGE   : 0.0
#AZIMANGLE   : 0.0
#ELEVANGLE   : 35.0
#XPOSITION mm: -5.3894
#YPOSITION mm: -5.0175
#ZPOSITION mm: 8.2000
##OXINSTPT   : 4
##OXINSTSTROB: 43.61
##OXINSTNDET : 1
##OXINSTELEMS: 6,25,26,14,16,23,24
##OXINSTLABEL: 6, 0.277, C
##OXINSTLABEL: 25, 5.899, Mn
##OXINSTLABEL: 25, 6.490, Mn
##OXINSTLABEL: 25, 0.636, Mn
##OXINSTLABEL: 25, 0.556, Mn
##OXINSTLABEL: 26, 6.404, Fe
##OXINSTLABEL: 26, 7.058, Fe
##OXINSTLABEL: 26, 0.703, Fe
##OXINSTLABEL: 26, 0.615, Fe
##OXINSTLABEL: 14, 1.740, Si
##OXINSTLABEL: 16, 2.308, S
##OXINSTLABEL: 16, 2.464, S
##OXINSTLABEL: 23, 4.952, V
##OXINSTLABEL: 23, 5.427, V
##OXINSTLABEL: 23, 0.511, V
##OXINSTLABEL: 23, 0.446, V
##OXINSTLABEL: 24, 5.415, Cr
##OXINSTLABEL: 24, 5.947, Cr
##OXINSTLABEL: 24, 0.573, Cr
##OXINSTLABEL: 24, 0.500, Cr
#SPECTRUM    : Spectral Data Starts Here
-0.20000, 0.0
-0.19000, 0.0
-0.18000, 0.0
-0.17000, 0.0
-0.16000, 0.0
-0.15000, 0.0
-0.14000, 0.0
-0.13000, 0.0
-0.12000, 0.0
-0.11000, 0.0
-0.10000, 0.0
-0.09000, 0.0
-0.08000, 0.0
-0.07000, 0.0
-0.06000, 1.0
-0.05000, 8.0
-0.04000, 40.0
-0.03000, 147.0
-0.02000, 354.0
-0.01000, 674.0
0.00000, 1041.0
0.01000, 1324.0
0.02000, 1500.0
0.03000, 1615.0
0.04000, 1547.0
0.05000, 1269.0
0.06000, 907.0
0.07000, 577.0
0.08000, 358.0
0.09000, 262.0
0.10000, 241.0
0.11000, 195.0
0.12000, 189.0
0.13000, 200.0
0.14000, 185.0
0.15000, 201.0
0.16000, 222.0
0.17000, 233.0
0.18000, 240.0
0.19000, 264.0
0.20000, 286.0
0.21000, 308.0
0.22000, 399.0
0.23000, 549.0
0.24000, 765.0
0.25000, 1118.0
0.26000, 1439.0
0.27000, 1554.0
0.28000, 1579.0
0.29000, 1258.0
0.30000, 936.0
0.31000, 609.0
0.32000, 421.0
0.33000, 311.0
0.34000, 286.0
0.35000, 311.0
0.36000, 327.0
0.37000, 371.0
0.38000, 414.0
0.39000, 457.0
0.40000, 454.0
0.41000, 442.0
0.42000, 457.0
0.43000, 490.0
0.44000, 582.0
0.45000, 593.0
0.46000, 677.0
0.47000, 769.0
0.48000, 837.0
0.49000, 979.0
0.50000, 1201.0
0.51000, 1330.0
0.52000, 1452.0
0.53000, 1505.0
0.54000, 1514.0
0.55000, 1558.0
0.56000, 1725.0
0.57000, 2188.0
0.58000, 3037.0
0.59000, 4280.0
0.60000, 5388.0
0.61000, 6160.0
0.62000, 6490.0
0.63000, 6164.0
0.64000, 5610.0
0.65000, 5453.0
0.66000, 6290.0
0.67000, 8307.0
0.68000, 11225.0
0.69000, 14107.0
0.70000, 15908.0
0.71000, 15781.0
0.72000, 13686.0
0.73000, 10458.0
0.74000, 6959.0
0.75000, 4156.0
0.76000, 2383.0
0.77000, 1339.0
0.78000, 813.0
0.79000, 555.0
0.80000, 480.0
0.81000, 396.0
0.82000, 367.0
0.83000, 344.0
0.84000, 338.0
0.85000, 325.0
0.86000, 306.0
0.87000, 306.0
0.88000, 292.0
0.89000, 307.0
0.90000, 311.0
0.91000, 339.0
0.92000, 330.0
0.93000, 336.0
0.94000, 367.0
0.95000, 391.0
0.96000, 352.0
0.97000, 380.0
0.98000, 346.0
0.99000, 339.0
1.00000, 344.0
1.01000, 339.0
1.02000, 349.0
1.03000, 334.0
1.04000, 361.0
1.05000, 392.0
1.06000, 396.0
1.07000, 403.0
1.08000, 390.0
1.09000, 400.0
1.10000, 386.0
1.11000, 388.0
1.12000, 395.0
1.13000, 435.0
1.14000, 434.0
1.15000, 420.0
1.16000, 425.0
1.17000, 437.0
1.18000, 443.0
1.19000, 451.0
1.20000, 408.0
1.21000, 459.0
1.22000, 425.0
1.23000, 467.0
1.24000, 469.0
1.25000, 498.0
1.26000, 487.0
1.27000, 500.0
1.28000, 488.0
1.29000, 493.0
1.30000, 481.0
1.31000, 482.0
1.32000, 477.0
1.33000, 517.0
1.34000, 502.0
1.35000, 515.0
1.36000, 519.0
1.37000, 482.0
1.38000, 505.0
1.39000, 519.0
1.40000, 509.0
1.41000, 487.0
1.42000, 541.0
1.43000, 521.0
1.44000, 515.0
1.45000, 528.0
1.46000, 538.0
1.47000, 552.0
1.48000, 561.0
1.49000, 575.0
1.50000, 586.0
1.51000, 559.0
1.52000, 552.0
1.53000, 548.0
1.54000, 523.0
1.55000, 521.0
1.56000, 538.0
1.57000, 548.0
1.58000, 518.0
1.59000, 551.0
1.60000, 564.0
1.61000, 565.0
1.62000, 531.0
1.63000, 536.0
1.64000, 540.0
1.65000, 563.0
1.66000, 581.0
1.67000, 605.0
1.68000, 596.0
1.69000, 630.0
1.70000, 653.0
1.71000, 681.0
1.72000, 730.0
1.73000, 765.0
1.74000, 842.0
1.75000, 837.0
1.76000, 762.0
1.77000, 721.0
1.78000, 724.0
1.79000, 650.0
1.80000, 642.0
1.81000, 627.0
1.82000, 585.0
1.83000, 553.0
1.84000, 582.0
1.85000, 562.0
1.86000, 586.0
1.87000, 551.0
1.88000, 569.0
1.89000, 555.0
1.90000, 564.0
1.91000, 575.0
1.92000, 561.0
1.93000, 547.0
1.94000, 596.0
1.95000, 570.0
1.96000, 604.0
1.97000, 603.0
1.98000, 605.0
1.99000, 584.0
2.00000, 573.0
2.01000, 575.0
2.02000, 590.0
2.03000, 630.0
2.04000, 606.0
2.05000, 569.0
2.06000, 582.0
2.07000, 586.0
2.08000, 586.0
2.09000, 543.0
2.10000, 599.0
2.11000, 590.0
2.12000, 560.0
2.13000, 590.0
2.14000, 573.0
2.15000, 613.0
2.16000, 578.0
2.17000, 601.0
2.18000, 595.0
2.19000, 586.0
2.20000, 611.0
2.21000, 628.0
2.22000, 602.0
2.23000, 590.0
2.24000, 631.0
2.25000, 633.0
2.26000, 624.0
2.27000, 712.0
2.28000, 712.0
2.29000, 774.0
2.30000, 787.0
2.31000, 801.0
2.32000, 753.0
2.33000, 748.0
2.34000, 717.0
2.35000, 697.0
2.36000, 648.0
2.37000, 648.0
2.38000, 638.0
2.39000, 629.0
2.40000, 615.0
2.41000, 616.0
2.42000, 593.0
2.43000, 569.0
2.44000, 582.0
2.45000, 603.0
2.46000, 617.0
2.47000, 598.0
2.48000, 570.0
2.49000, 592.0
2.50000, 621.0
2.51000, 623.0
2.52000, 624.0
2.53000, 584.0
2.54000, 618.0
2.55000, 594.0
2.56000, 559.0
2.57000, 547.0
2.58000, 577.0
2.59000, 587.0
2.60000, 566.0
2.61000, 588.0
2.62000, 568.0
2.63000, 588.0
2.64000, 570.0
2.65000, 575.0
2.66000, 566.0
2.67000, 613.0
2.68000, 558.0
2.69000, 565.0
2.70000, 577.0
2.71000, 561.0
2.72000, 543.0
2.73000, 561.0
2.74000, 561.0
2.75000, 573.0
2.76000, 586.0
2.77000, 567.0
2.78000, 540.0
2.79000, 574.0
2.80000, 577.0
2.81000, 564.0
2.82000, 557.0
2.83000, 548.0
2.84000, 519.0
2.85000, 543.0
2.86000, 567.0
2.87000, 561.0
2.88000, 574.0
2.89000, 549.0
2.90000, 559.0
2.91000, 507.0
2.92000, 543.0
2.93000, 536.0
2.94000, 545.0
2.95000, 565.0
2.96000, 543.0
2.97000, 535.0
2.98000, 565.0
2.99000, 544.0
3.00000, 517.0
3.01000, 558.0
3.02000, 551.0
3.03000, 546.0
3.04000, 577.0
3.05000, 548.0
3.06000, 533.0
3.07000, 516.0
3.08000, 527.0
3.09000, 529.0
3.10000, 533.0
3.11000, 511.0
3.12000, 541.0
3.13000, 527.0
3.14000, 536.0
3.15000, 527.0
3.16000, 518.0
3.17000, 541.0
3.18000, 500.0
3.19000, 531.0
3.20000, 510.0
3.21000, 550.0
3.22000, 519.0
3.23000, 489.0
3.24000, 515.0
3.25000, 514.0
3.26000, 544.0
3.27000, 501.0
3.28000, 540.0
3.29000, 542.0
3.30000, 525.0
3.31000, 535.0
3.32000, 540.0
3.33000, 520.0
3.34000, 529.0
3.35000, 507.0
3.36000, 502.0
3.37000, 500.0
3.38000, 503.0
3.39000, 475.0
3.40000, 462.0
3.41000, 518.0
3.42000, 501.0
3.43000, 513.0
3.44000, 500.0
3.45000, 509.0
3.46000, 561.0
3.47000, 525.0
3.48000, 507.0
3.49000, 505.0
3.50000, 483.0
3.51000, 472.0
3.52000, 496.0
3.53000, 495.0
3.54000, 491.0
3.55000, 461.0
3.56000, 481.0
3.57000, 531.0
3.58000, 479.0
3.59000, 490.0
3.60000, 481.0
3.61000, 467.0
3.62000, 500.0
3.63000, 468.0
3.64000, 481.0
3.65000, 517.0
3.66000, 488.0
3.67000, 491.0
3.68000, 526.0
3.69000, 511.0
3.70000, 519.0
3.71000, 530.0
3.72000, 517.0
3.73000, 468.0
3.74000, 465.0
3.75000, 473.0
3.76000, 485.0
3.77000, 459.0
3.78000, 484.0
3.79000, 484.0
3.80000, 480.0
3.81000, 481.0
3.82000, 482.0
3.83000, 484.0
3.84000, 490.0
3.85000, 485.0
3.86000, 448.0
3.87000, 461.0
3.88000, 453.0
3.89000, 467.0
3.90000, 452.0
3.91000, 472.0
3.92000, 452.0
3.93000, 494.0
3.94000, 483.0
3.95000, 463.0
3.96000, 447.0
3.97000, 446.0
3.98000, 510.0
3.99000, 462.0
4.00000, 460.0
4.01000, 435.0
4.02000, 422.0
4.03000, 430.0
4.04000, 449.0
4.05000, 455.0
4.06000, 464.0
4.07000, 435.0
4.08000, 421.0
4.09000, 410.0
4.10000, 401.0
4.11000, 431.0
4.12000, 439.0
4.13000, 443.0
4.14000, 428.0
4.15000, 449.0
4.16000, 459.0
4.17000, 444.0
4.18000, 403.0
4.19000, 414.0
4.20000, 423.0
4.21000, 465.0
4.22000, 448.0
4.23000, 431.0
4.24000, 426.0
4.25000, 451.0
4.26000, 421.0
4.27000, 438.0
4.28000, 407.0
4.29000, 429.0
4.30000, 422.0
4.31000, 435.0
4.32000, 405.0
4.33000, 405.0
4.34000, 418.0
4.35000, 427.0
4.36000, 413.0
4.37000, 434.0
4.38000, 386.0
4.39000, 408.0
4.40000, 407.0
4.41000, 443.0
4.42000, 416.0
4.43000, 419.0
4.44000, 391.0
4.45000, 400.0
4.46000, 419.0
4.47000, 422.0
4.48000, 410.0
4.49000, 392.0
4.50000, 416.0
4.51000, 423.0
4.52000, 422.0
4.53000, 416.0
4.54000, 425.0
4.55000, 409.0
4.56000, 409.0
4.57000, 417.0
4.58000, 432.0
4.59000, 437.0
4.60000, 431.0
4.61000, 475.0
4.62000, 472.0
4.63000, 463.0
4.64000, 472.0
4.65000, 475.0
4.66000, 482.0
4.67000, 481.0
4.68000, 474.0
4.69000, 480.0
4.70000, 461.0
4.71000, 411.0
4.72000, 427.0
4.73000, 413.0
4.74000, 381.0
4.75000, 380.0
4.76000, 402.0
4.77000, 402.0
4.78000, 358.0
4.79000, 393.0
4.80000, 381.0
4.81000, 375.0
4.82000, 358.0
4.83000, 386.0
4.84000, 364.0
4.85000, 394.0
4.86000, 378.0
4.87000, 403.0
4.88000, 395.0
4.89000, 403.0
4.90000, 397.0
4.91000, 422.0
4.92000, 415.0
4.93000, 401.0
4.94000, 447.0
4.95000, 451.0
4.96000, 431.0
4.97000, 452.0
4.98000, 418.0
4.99000, 390.0
5.00000, 400.0
5.01000, 393.0
5.02000, 391.0
5.03000, 387.0
5.04000, 395.0
5.05000, 385.0
5.06000, 378.0
5.07000, 377.0
5.08000, 376.0
5.09000, 353.0
5.10000, 317.0
5.11000, 345.0
5.12000, 367.0
5.13000, 339.0
5.14000, 311.0
5.15000, 307.0
5.16000, 375.0
5.17000, 372.0
5.18000, 379.0
5.19000, 354.0
5.20000, 358.0
5.21000, 366.0
5.22000, 361.0
5.23000, 356.0
5.24000, 317.0
5.25000, 341.0
5.26000, 363.0
5.27000, 353.0
5.28000, 360.0
5.29000, 335.0
5.30000, 357.0
5.31000, 365.0
5.32000, 378.0
5.33000, 390.0
5.34000, 389.0
5.35000, 400.0
5.36000, 413.0
5.37000, 425.0
5.38000, 450.0
5.39000, 447.0
5.40000, 452.0
5.41000, 442.0
5.42000, 437.0
5.43000, 402.0
5.44000, 420.0
5.45000, 408.0
5.46000, 411.0
5.47000, 388.0
5.48000, 371.0
5.49000, 377.0
5.50000, 381.0
5.51000, 360.0
5.52000, 348.0
5.53000, 351.0
5.54000, 321.0
5.55000, 351.0
5.56000, 345.0
5.57000, 349.0
5.58000, 344.0
5.59000, 355.0
5.60000, 321.0
5.61000, 319.0
5.62000, 329.0
5.63000, 335.0
5.64000, 317.0
5.65000, 301.0
5.66000, 310.0
5.67000, 331.0
5.68000, 339.0
5.69000, 308.0
5.70000, 299.0
5.71000, 336.0
5.72000, 320.0
5.73000, 331.0
5.74000, 324.0
5.75000, 330.0
5.76000, 329.0
5.77000, 356.0
5.78000, 351.0
5.79000, 412.0
5.80000, 447.0
5.81000, 462.0
5.82000, 490.0
5.83000, 550.0
5.84000, 606.0
5.85000, 686.0
5.86000, 685.0
5.87000, 767.0
5.88000, 766.0
5.89000, 764.0
5.90000, 783.0
5.91000, 815.0
5.92000, 795.0
5.93000, 748.0
5.94000, 671.0
5.95000, 604.0
5.96000, 590.0
5.97000, 541.0
5.98000, 459.0
5.99000, 470.0
6.00000, 415.0
6.01000, 371.0
6.02000, 351.0
6.03000, 328.0
6.04000, 339.0
6.05000, 309.0
6.06000, 323.0
6.07000, 338.0
6.08000, 310.0
6.09000, 312.0
6.10000, 344.0
6.11000, 341.0
6.12000, 349.0
6.13000, 368.0
6.14000, 314.0
6.15000, 307.0
6.16000, 368.0
6.17000, 383.0
6.18000, 385.0
6.19000, 376.0
6.20000, 385.0
6.21000, 470.0
6.22000, 532.0
6.23000, 665.0
6.24000, 824.0
6.25000, 1067.0
6.26000, 1521.0
6.27000, 2107.0
6.28000, 3003.0
6.29000, 4050.0
6.30000, 5539.0
6.31000, 7394.0
6.32000, 9564.0
6.33000, 11843.0
6.34000, 14598.0
6.35000, 17381.0
6.36000, 19785.0
6.37000, 22238.0
6.38000, 24225.0
6.39000, 25382.0
6.40000, 25805.0
6.41000, 25232.0
6.42000, 23869.0
6.43000, 22149.0
6.44000, 19827.0
6.45000, 17262.0
6.46000, 14671.0
6.47000, 12125.0
6.48000, 9654.0
6.49000, 7473.0
6.50000, 5624.0
6.51000, 4205.0
6.52000, 3024.0
6.53000, 2097.0
6.54000, 1487.0
6.55000, 1087.0
6.56000, 780.0
6.57000, 612.0
6.58000, 502.0
6.59000, 393.0
6.60000, 364.0
6.61000, 329.0
6.62000, 303.0
6.63000, 309.0
6.64000, 330.0
6.65000, 296.0
6.66000, 310.0
6.67000, 291.0
6.68000, 255.0
6.69000, 296.0
6.70000, 305.0
6.71000, 304.0
6.72000, 282.0
6.73000, 278.0
6.74000, 300.0
6.75000, 253.0
6.76000, 265.0
6.77000, 283.0
6.78000, 320.0
6.79000, 334.0
6.80000, 278.0
6.81000, 304.0
6.82000, 285.0
6.83000, 291.0
6.84000, 346.0
6.85000, 333.0
6.86000, 354.0
6.87000, 353.0
6.88000, 392.0
6.89000, 418.0
6.90000, 457.0
6.91000, 504.0
6.92000, 597.0
6.93000, 708.0
6.94000, 841.0
6.95000, 1033.0
6.96000, 1223.0
6.97000, 1527.0
6.98000, 1720.0
6.99000, 2121.0
7.00000, 2454.0
7.01000, 2669.0
7.02000, 3134.0
7.03000, 3327.0
7.04000, 3413.0
7.05000, 3542.0
7.06000, 3458.0
7.07000, 3413.0
7.08000, 3227.0
7.09000, 2919.0
7.10000, 2679.0
7.11000, 2332.0
7.12000, 1974.0
7.13000, 1690.0
7.14000, 1351.0
7.15000, 1158.0
7.16000, 923.0
7.17000, 671.0
7.18000, 582.0
7.19000, 421.0
7.20000, 324.0
7.21000, 297.0
7.22000, 255.0
7.23000, 200.0
7.24000, 185.0
7.25000, 178.0
7.26000, 176.0
7.27000, 170.0
7.28000, 152.0
7.29000, 174.0
7.30000, 159.0
7.31000, 149.0
7.32000, 163.0
7.33000, 153.0
7.34000, 152.0
7.35000, 176.0
7.36000, 174.0
7.37000, 146.0
7.38000, 151.0
7.39000, 147.0
7.40000, 167.0
7.41000, 154.0
7.42000, 162.0
7.43000, 160.0
7.44000, 180.0
7.45000, 193.0
7.46000, 141.0
7.47000, 160.0
7.48000, 147.0
7.49000, 158.0
7.50000, 169.0
7.51000, 189.0
7.52000, 173.0
7.53000, 157.0
7.54000, 158.0
7.55000, 176.0
7.56000, 158.0
7.57000, 131.0
7.58000, 150.0
7.59000, 152.0
7.60000, 174.0
7.61000, 167.0
7.62000, 163.0
7.63000, 159.0
7.64000, 142.0
7.65000, 157.0
7.66000, 156.0
7.67000, 165.0
7.68000, 134.0
7.69000, 157.0
7.70000, 157.0
7.71000, 142.0
7.72000, 142.0
7.73000, 142.0
7.74000, 160.0
7.75000, 144.0
7.76000, 143.0
7.77000, 164.0
7.78000, 148.0
7.79000, 138.0
7.80000, 147.0
7.81000, 152.0
7.82000, 165.0
7.83000, 157.0
7.84000, 152.0
7.85000, 148.0
7.86000, 145.0
7.87000, 144.0
7.88000, 156.0
7.89000, 165.0
7.90000, 152.0
7.91000, 161.0
7.92000, 164.0
7.93000, 160.0
7.94000, 164.0
7.95000, 154.0
7.96000, 139.0
7.97000, 148.0
7.98000, 181.0
7.99000, 177.0
8.00000, 187.0
8.01000, 173.0
8.02000, 170.0
8.03000, 181.0
8.04000, 189.0
8.05000, 172.0
8.06000, 151.0
8.07000, 177.0
8.08000, 172.0
8.09000, 159.0
8.10000, 164.0
8.11000, 165.0
8.12000, 169.0
8.13000, 156.0
8.14000, 159.0
8.15000, 142.0
8.16000, 159.0
8.17000, 181.0
8.18000, 144.0
8.19000, 135.0
8.20000, 136.0
8.21000, 157.0
8.22000, 149.0
8.23000, 155.0
8.24000, 157.0
8.25000, 143.0
8.26000, 146.0
8.27000, 143.0
8.28000, 148.0
8.29000, 146.0
8.30000, 141.0
8.31000, 144.0
8.32000, 135.0
8.33000, 141.0
8.34000, 135.0
8.35000, 147.0
8.36000, 144.0
8.37000, 108.0
8.38000, 132.0
8.39000, 147.0
8.40000, 144.0
8.41000, 148.0
8.42000, 133.0
8.43000, 135.0
8.44000, 159.0
8.45000, 141.0
8.46000, 155.0
8.47000, 141.0
8.48000, 141.0
8.49000, 146.0
8.50000, 138.0
8.51000, 150.0
8.52000, 133.0
8.53000, 127.0
8.54000, 147.0
8.55000, 143.0
8.56000, 141.0
8.57000, 124.0
8.58000, 126.0
8.59000, 132.0
8.60000, 117.0
8.61000, 139.0
8.62000, 128.0
8.63000, 139.0
8.64000, 144.0
8.65000, 145.0
8.66000, 132.0
8.67000, 135.0
8.68000, 142.0
8.69000, 139.0
8.70000, 140.0
8.71000, 141.0
8.72000, 162.0
8.73000, 143.0
8.74000, 106.0
8.75000, 131.0
8.76000, 146.0
8.77000, 138.0
8.78000, 137.0
8.79000, 124.0
8.80000, 141.0
8.81000, 122.0
8.82000, 140.0
8.83000, 142.0
8.84000, 118.0
8.85000, 121.0
8.86000, 141.0
8.87000, 124.0
8.88000, 150.0
8.89000, 145.0
8.90000, 146.0
8.91000, 142.0
8.92000, 127.0
8.93000, 132.0
8.94000, 145.0
8.95000, 143.0
8.96000, 139.0
8.97000, 148.0
8.98000, 153.0
8.99000, 132.0
9.00000, 140.0
9.01000, 138.0
9.02000, 124.0
9.03000, 147.0
9.04000, 120.0
9.05000, 130.0
9.06000, 129.0
9.07000, 130.0
9.08000, 124.0
9.09000, 127.0
9.10000, 120.0
9.11000, 141.0
9.12000, 121.0
9.13000, 123.0
9.14000, 125.0
9.15000, 127.0
9.16000, 122.0
9.17000, 117.0
9.18000, 117.0
9.19000, 128.0
9.20000, 138.0
9.21000, 132.0
9.22000, 136.0
9.23000, 116.0
9.24000, 113.0
9.25000, 132.0
9.26000, 117.0
9.27000, 126.0
9.28000, 124.0
9.29000, 129.0
9.30000, 127.0
9.31000, 131.0
9.32000, 131.0
9.33000, 135.0
9.34000, 126.0
9.35000, 131.0
9.36000, 122.0
9.37000, 123.0
9.38000, 109.0
9.39000, 102.0
9.40000, 118.0
9.41000, 131.0
9.42000, 135.0
9.43000, 134.0
9.44000, 123.0
9.45000, 123.0
9.46000, 131.0
9.47000, 104.0
9.48000, 134.0
9.49000, 143.0
9.50000, 127.0
9.51000, 110.0
9.52000, 115.0
9.53000, 131.0
9.54000, 128.0
9.55000, 104.0
9.56000, 117.0
9.57000, 118.0
9.58000, 149.0
9.59000, 106.0
9.60000, 109.0
9.61000, 115.0
9.62000, 130.0
9.63000, 117.0
9.64000, 122.0
9.65000, 120.0
9.66000, 115.0
9.67000, 141.0
9.68000, 110.0
9.69000, 123.0
9.70000, 110.0
9.71000, 125.0
9.72000, 119.0
9.73000, 115.0
9.74000, 117.0
9.75000, 119.0
9.76000, 110.0
9.77000, 121.0
9.78000, 108.0
9.79000, 102.0
9.80000, 118.0
9.81000, 98.0
9.82000, 103.0
9.83000, 127.0
9.84000, 124.0
9.85000, 112.0
9.86000, 102.0
9.87000, 116.0
9.88000, 120.0
9.89000, 95.0
9.90000, 113.0
9.91000, 107.0
9.92000, 110.0
9.93000, 111.0
9.94000, 111.0
9.95000, 107.0
9.96000, 106.0
9.97000, 111.0
9.98000, 106.0
9.99000, 96.0
10.00000, 126.0
10.01000, 108.0
10.02000, 115.0
10.03000, 119.0
10.04000, 109.0
10.05000, 122.0
10.06000, 113.0
10.07000, 117.0
10.08000, 138.0
10.09000, 118.0
10.10000, 96.0
10.11000, 119.0
10.12000, 114.0
10.13000, 105.0
10.14000, 116.0
10.15000, 128.0
10.16000, 121.0
10.17000, 96.0
10.18000, 99.0
10.19000, 107.0
10.20000, 120.0
10.21000, 108.0
10.22000, 106.0
10.23000, 110.0
10.24000, 129.0
10.25000, 110.0
10.26000, 125.0
10.27000, 109.0
10.28000, 119.0
10.29000, 116.0
10.30000, 113.0
10.31000, 103.0
10.32000, 112.0
10.33000, 107.0
10.34000, 104.0
10.35000, 127.0
10.36000, 101.0
10.37000, 114.0
10.38000, 116.0
10.39000, 122.0
10.40000, 86.0
10.41000, 100.0
10.42000, 111.0
10.43000, 109.0
10.44000, 96.0
10.45000, 101.0
10.46000, 116.0
10.47000, 88.0
10.48000, 83.0
10.49000, 89.0
10.50000, 116.0
10.51000, 106.0
10.52000, 99.0
10.53000, 96.0
10.54000, 109.0
10.55000, 98.0
10.56000, 103.0
10.57000, 84.0
10.58000, 100.0
10.59000, 114.0
10.60000, 102.0
10.61000, 97.0
10.62000, 91.0
10.63000, 96.0
10.64000, 95.0
10.65000, 102.0
10.66000, 87.0
10.67000, 90.0
10.68000, 88.0
10.69000, 88.0
10.70000, 101.0
10.71000, 95.0
10.72000, 109.0
10.73000, 101.0
10.74000, 96.0
10.75000, 108.0
10.76000, 111.0
10.77000, 80.0
10.78000, 95.0
10.79000, 93.0
10.80000, 103.0
10.81000, 95.0
10.82000, 98.0
10.83000, 92.0
10.84000, 92.0
10.85000, 106.0
10.86000, 106.0
10.87000, 105.0
10.88000, 98.0
10.89000, 95.0
10.90000, 83.0
10.91000, 88.0
10.92000, 99.0
10.93000, 106.0
10.94000, 80.0
10.95000, 99.0
10.96000, 91.0
10.97000, 83.0
10.98000, 106.0
10.99000, 84.0
11.00000, 97.0
11.01000, 91.0
11.02000, 81.0
11.03000, 95.0
11.04000, 94.0
11.05000, 103.0
11.06000, 100.0
11.07000, 95.0
11.08000, 89.0
11.09000, 97.0
11.10000, 96.0
11.11000, 84.0
11.12000, 104.0
11.13000, 85.0
11.14000, 91.0
11.15000, 102.0
11.16000, 81.0
11.17000, 105.0
11.18000, 105.0
11.19000, 92.0
11.20000, 92.0
11.21000, 86.0
11.22000, 95.0
11.23000, 89.0
11.24000, 95.0
11.25000, 79.0
11.26000, 83.0
11.27000, 94.0
11.28000, 83.0
11.29000, 91.0
11.30000, 71.0
11.31000, 86.0
11.32000, 74.0
11.33000, 89.0
11.34000, 83.0
11.35000, 85.0
11.36000, 73.0
11.37000, 81.0
11.38000, 66.0
11.39000, 77.0
11.40000, 90.0
11.41000, 96.0
11.42000, 88.0
11.43000, 76.0
11.44000, 81.0
11.45000, 77.0
11.46000, 84.0
11.47000, 84.0
11.48000, 82.0
11.49000, 98.0
11.50000, 83.0
11.51000, 83.0
11.52000, 98.0
11.53000, 78.0
11.54000, 98.0
11.55000, 80.0
11.56000, 82.0
11.57000, 75.0
11.58000, 81.0
11.59000, 89.0
11.60000, 81.0
11.61000, 86.0
11.62000, 75.0
11.63000, 65.0
11.64000, 91.0
11.65000, 75.0
11.66000, 79.0
11.67000, 85.0
11.68000, 79.0
11.69000, 85.0
11.70000, 85.0
11.71000, 77.0
11.72000, 77.0
11.73000, 78.0
11.74000, 77.0
11.75000, 71.0
11.76000, 80.0
11.77000, 93.0
11.78000, 87.0
11.79000, 62.0
11.80000, 85.0
11.81000, 79.0
11.82000, 75.0
11.83000, 82.0
11.84000, 70.0
11.85000, 81.0
11.86000, 84.0
11.87000, 79.0
11.88000, 75.0
11.89000, 70.0
11.90000, 78.0
11.91000, 68.0
11.92000, 81.0
11.93000, 72.0
11.94000, 82.0
11.95000, 73.0
11.96000, 85.0
11.97000, 85.0
11.98000, 87.0
11.99000, 76.0
12.00000, 80.0
12.01000, 61.0
12.02000, 71.0
12.03000, 82.0
12.04000, 72.0
12.05000, 76.0
12.06000, 78.0
12.07000, 80.0
12.08000, 65.0
12.09000, 85.0
12.10000, 73.0
12.11000, 71.0
12.12000, 62.0
12.13000, 72.0
12.14000, 84.0
12.15000, 64.0
12.16000, 61.0
12.17000, 61.0
12.18000, 59.0
12.19000, 75.0
12.20000, 65.0
12.21000, 63.0
12.22000, 74.0
12.23000, 70.0
12.24000, 72.0
12.25000, 77.0
12.26000, 71.0
12.27000, 70.0
12.28000, 73.0
12.29000, 70.0
12.30000, 73.0
12.31000, 63.0
12.32000, 65.0
12.33000, 69.0
12.34000, 71.0
12.35000, 66.0
12.36000, 74.0
12.37000, 72.0
12.38000, 68.0
12.39000, 76.0
12.40000, 67.0
12.41000, 59.0
12.42000, 78.0
12.43000, 84.0
12.44000, 80.0
12.45000, 64.0
12.46000, 68.0
12.47000, 66.0
12.48000, 53.0
12.49000, 58.0
12.50000, 67.0
12.51000, 66.0
12.52000, 66.0
12.53000, 68.0
12.54000, 64.0
12.55000, 59.0
12.56000, 66.0
12.57000, 65.0
12.58000, 78.0
12.59000, 83.0
12.60000, 52.0
12.61000, 63.0
12.62000, 67.0
12.63000, 64.0
12.64000, 73.0
12.65000, 63.0
12.66000, 71.0
12.67000, 80.0
12.68000, 96.0
12.69000, 97.0
12.70000, 77.0
12.71000, 70.0
12.72000, 90.0
12.73000, 95.0
12.74000, 95.0
12.75000, 106.0
12.76000, 91.0
12.77000, 80.0
12.78000, 105.0
12.79000, 115.0
12.80000, 105.0
12.81000, 105.0
12.82000, 121.0
12.83000, 105.0
12.84000, 81.0
12.85000, 92.0
12.86000, 83.0
12.87000, 94.0
12.88000, 75.0
12.89000, 103.0
12.90000, 87.0
12.91000, 77.0
12.92000, 72.0
12.93000, 69.0
12.94000, 74.0
12.95000, 66.0
12.96000, 54.0
12.97000, 66.0
12.98000, 60.0
12.99000, 54.0
13.00000, 72.0
13.01000, 60.0
13.02000, 69.0
13.03000, 48.0
13.04000, 57.0
13.05000, 60.0
13.06000, 60.0
13.07000, 53.0
13.08000, 40.0
13.09000, 52.0
13.10000, 63.0
13.11000, 55.0
13.12000, 60.0
13.13000, 46.0
13.14000, 56.0
13.15000, 72.0
13.16000, 55.0
13.17000, 68.0
13.18000, 70.0
13.19000, 57.0
13.20000, 55.0
13.21000, 48.0
13.22000, 59.0
13.23000, 52.0
13.24000, 58.0
13.25000, 48.0
13.26000, 58.0
13.27000, 55.0
13.28000, 62.0
13.29000, 58.0
13.30000, 47.0
13.31000, 52.0
13.32000, 55.0
13.33000, 55.0
13.34000, 49.0
13.35000, 47.0
13.36000, 62.0
13.37000, 61.0
13.38000, 60.0
13.39000, 54.0
13.40000, 53.0
13.41000, 51.0
13.42000, 56.0
13.43000, 67.0
13.44000, 73.0
13.45000, 66.0
13.46000, 51.0
13.47000, 69.0
13.48000, 65.0
13.49000, 54.0
13.50000, 56.0
13.51000, 71.0
13.52000, 65.0
13.53000, 51.0
13.54000, 65.0
13.55000, 54.0
13.56000, 54.0
13.57000, 55.0
13.58000, 37.0
13.59000, 44.0
13.60000, 62.0
13.61000, 53.0
13.62000, 57.0
13.63000, 43.0
13.64000, 51.0
13.65000, 39.0
13.66000, 54.0
13.67000, 49.0
13.68000, 43.0
13.69000, 61.0
13.70000, 49.0
13.71000, 50.0
13.72000, 50.0
13.73000, 42.0
13.74000, 42.0
13.75000, 45.0
13.76000, 45.0
13.77000, 58.0
13.78000, 44.0
13.79000, 43.0
13.80000, 35.0
13.81000, 45.0
13.82000, 34.0
13.83000, 43.0
13.84000, 45.0
13.85000, 49.0
13.86000, 48.0
13.87000, 45.0
13.88000, 48.0
13.89000, 39.0
13.90000, 36.0
13.91000, 51.0
13.92000, 52.0
13.93000, 54.0
13.94000, 49.0
13.95000, 37.0
13.96000, 42.0
13.97000, 47.0
13.98000, 50.0
13.99000, 48.0
14.00000, 43.0
14.01000, 37.0
14.02000, 51.0
14.03000, 41.0
14.04000, 46.0
14.05000, 48.0
14.06000, 39.0
14.07000, 51.0
14.08000, 40.0
14.09000, 41.0
14.10000, 33.0
14.11000, 37.0
14.12000, 44.0
14.13000, 45.0
14.14000, 37.0
14.15000, 41.0
14.16000, 42.0
14.17000, 32.0
14.18000, 31.0
14.19000, 46.0
14.20000, 42.0
14.21000, 43.0
14.22000, 41.0
14.23000, 37.0
14.24000, 39.0
14.25000, 50.0
14.26000, 43.0
14.27000, 41.0
14.28000, 36.0
14.29000, 32.0
14.30000, 47.0
14.31000, 38.0
14.32000, 38.0
14.33000, 41.0
14.34000, 34.0
14.35000, 35.0
14.36000, 36.0
14.37000, 40.0
14.38000, 33.0
14.39000, 28.0
14.40000, 40.0
14.41000, 39.0
14.42000, 47.0
14.43000, 34.0
14.44000, 41.0
14.45000, 47.0
14.46000, 44.0
14.47000, 40.0
14.48000, 41.0
14.49000, 46.0
14.50000, 36.0
14.51000, 47.0
14.52000, 32.0
14.53000, 38.0
14.54000, 30.0
14.55000, 42.0
14.56000, 23.0
14.57000, 32.0
14.58000, 42.0
14.59000, 26.0
14.60000, 38.0
14.61000, 41.0
14.62000, 41.0
14.63000, 28.0
14.64000, 31.0
14.65000, 32.0
14.66000, 36.0
14.67000, 26.0
14.68000, 27.0
14.69000, 43.0
14.70000, 33.0
14.71000, 37.0
14.72000, 35.0
14.73000, 34.0
14.74000, 30.0
14.75000, 26.0
14.76000, 37.0
14.77000, 31.0
14.78000, 31.0
14.79000, 31.0
14.80000, 40.0
14.81000, 33.0
14.82000, 26.0
14.83000, 28.0
14.84000, 30.0
14.85000, 32.0
14.86000, 39.0
14.87000, 26.0
14.88000, 45.0
14.89000, 22.0
14.90000, 27.0
14.91000, 38.0
14.92000, 26.0
14.93000, 35.0
14.94000, 18.0
14.95000, 28.0
14.96000, 30.0
14.97000, 34.0
14.98000, 33.0
14.99000, 28.0
15.00000, 26.0
15.01000, 28.0
15.02000, 29.0
15.03000, 22.0
15.04000, 37.0
15.05000, 30.0
15.06000, 27.0
15.07000, 26.0
15.08000, 30.0
15.09000, 25.0
15.10000, 22.0
15.11000, 26.0
15.12000, 40.0
15.13000, 16.0
15.14000, 37.0
15.15000, 34.0
15.16000, 24.0
15.17000, 19.0
15.18000, 30.0
15.19000, 34.0
15.20000, 26.0
15.21000, 32.0
15.22000, 27.0
15.23000, 27.0
15.24000, 24.0
15.25000, 25.0
15.26000, 26.0
15.27000, 23.0
15.28000, 28.0
15.29000, 25.0
15.30000, 36.0
15.31000, 28.0
15.32000, 28.0
15.33000, 28.0
15.34000, 18.0
15.35000, 27.0
15.36000, 27.0
15.37000, 33.0
15.38000, 18.0
15.39000, 22.0
15.40000, 23.0
15.41000, 24.0
15.42000, 25.0
15.43000, 33.0
15.44000, 32.0
15.45000, 29.0
15.46000, 19.0
15.47000, 15.0
15.48000, 27.0
15.49000, 20.0
15.50000, 24.0
15.51000, 31.0
15.52000, 25.0
15.53000, 24.0
15.54000, 25.0
15.55000, 24.0
15.56000, 34.0
15.57000, 33.0
15.58000, 23.0
15.59000, 22.0
15.60000, 27.0
15.61000, 27.0
15.62000, 21.0
15.63000, 34.0
15.64000, 21.0
15.65000, 25.0
15.66000, 26.0
15.67000, 26.0
15.68000, 27.0
15.69000, 22.0
15.70000, 16.0
15.71000, 26.0
15.72000, 27.0
15.73000, 21.0
15.74000, 19.0
15.75000, 30.0
15.76000, 24.0
15.77000, 23.0
15.78000, 19.0
15.79000, 29.0
15.80000, 14.0
15.81000, 24.0
15.82000, 27.0
15.83000, 27.0
15.84000, 28.0
15.85000, 19.0
15.86000, 22.0
15.87000, 31.0
15.88000, 16.0
15.89000, 15.0
15.90000, 27.0
15.91000, 24.0
15.92000, 18.0
15.93000, 16.0
15.94000, 22.0
15.95000, 19.0
15.96000, 25.0
15.97000, 20.0
15.98000, 21.0
15.99000, 21.0
16.00000, 18.0
16.01000, 18.0
16.02000, 23.0
16.03000, 23.0
16.04000, 21.0
16.05000, 28.0
16.06000, 19.0
16.07000, 28.0
16.08000, 22.0
16.09000, 25.0
16.10000, 16.0
16.11000, 22.0
16.12000, 25.0
16.13000, 27.0
16.14000, 30.0
16.15000, 16.0
16.16000, 20.0
16.17000, 15.0
16.18000, 19.0
16.19000, 23.0
16.20000, 17.0
16.21000, 18.0
16.22000, 10.0
16.23000, 23.0
16.24000, 15.0
16.25000, 22.0
16.26000, 24.0
16.27000, 7.0
16.28000, 20.0
16.29000, 15.0
16.30000, 21.0
16.31000, 17.0
16.32000, 21.0
16.33000, 29.0
16.34000, 12.0
16.35000, 24.0
16.36000, 21.0
16.37000, 18.0
16.38000, 16.0
16.39000, 15.0
16.40000, 18.0
16.41000, 19.0
16.42000, 24.0
16.43000, 20.0
16.44000, 16.0
16.45000, 19.0
16.46000, 22.0
16.47000, 19.0
16.48000, 10.0
16.49000, 15.0
16.50000, 17.0
16.51000, 16.0
16.52000, 16.0
16.53000, 20.0
16.54000, 11.0
16.55000, 15.0
16.56000, 20.0
16.57000, 14.0
16.58000, 14.0
16.59000, 20.0
16.60000, 20.0
16.61000, 19.0
16.62000, 22.0
16.63000, 9.0
16.64000, 11.0
16.65000, 14.0
16.66000, 16.0
16.67000, 11.0
16.68000, 12.0
16.69000, 17.0
16.70000, 13.0
16.71000, 14.0
16.72000, 17.0
16.73000, 21.0
16.74000, 11.0
16.75000, 11.0
16.76000, 10.0
16.77000, 16.0
16.78000, 16.0
16.79000, 19.0
16.80000, 14.0
16.81000, 15.0
16.82000, 11.0
16.83000, 20.0
16.84000, 15.0
16.85000, 10.0
16.86000, 18.0
16.87000, 11.0
16.88000, 17.0
16.89000, 18.0
16.90000, 13.0
16.91000, 20.0
16.92000, 13.0
16.93000, 18.0
16.94000, 15.0
16.95000, 16.0
16.96000, 13.0
16.97000, 20.0
16.98000, 19.0
16.99000, 8.0
17.00000, 14.0
17.01000, 7.0
17.02000, 15.0
17.03000, 11.0
17.04000, 9.0
17.05000, 13.0
17.06000, 14.0
17.07000, 13.0
17.08000, 17.0
17.09000, 11.0
17.10000, 19.0
17.11000, 17.0
17.12000, 6.0
17.13000, 11.0
17.14000, 13.0
17.15000, 12.0
17.16000, 23.0
17.17000, 13.0
17.18000, 14.0
17.19000, 14.0
17.20000, 12.0
17.21000, 18.0
17.22000, 8.0
17.23000, 13.0
17.24000, 9.0
17.25000, 9.0
17.26000, 13.0
17.27000, 17.0
17.28000, 13.0
17.29000, 10.0
17.30000, 20.0
17.31000, 11.0
17.32000, 9.0
17.33000, 15.0
17.34000, 8.0
17.35000, 15.0
17.36000, 8.0
17.37000, 11.0
17.38000, 11.0
17.39000, 11.0
17.40000, 15.0
17.41000, 16.0
17.42000, 12.0
17.43000, 18.0
17.44000, 6.0
17.45000, 14.0
17.46000, 10.0
17.47000, 16.0
17.48000, 10.0
17.49000, 12.0
17.50000, 10.0
17.51000, 20.0
17.52000, 11.0
17.53000, 8.0
17.54000, 5.0
17.55000, 15.0
17.56000, 14.0
17.57000, 9.0
17.58000, 9.0
17.59000, 8.0
17.60000, 4.0
17.61000, 11.0
17.62000, 7.0
17.63000, 7.0
17.64000, 7.0
17.65000, 10.0
17.66000, 15.0
17.67000, 10.0
17.68000, 9.0
17.69000, 7.0
17.70000, 6.0
17.71000, 10.0
17.72000, 14.0
17.73000, 5.0
17.74000, 12.0
17.75000, 9.0
17.76000, 7.0
17.77000, 10.0
17.78000, 8.0
17.79000, 14.0
17.80000, 14.0
17.81000, 7.0
17.82000, 8.0
17.83000, 7.0
17.84000, 8.0
17.85000, 12.0
17.86000, 8.0
17.87000, 14.0
17.88000, 4.0
17.89000, 16.0
17.90000, 13.0
17.91000, 4.0
17.92000, 7.0
17.93000, 13.0
17.94000, 10.0
17.95000, 16.0
17.96000, 10.0
17.97000, 8.0
17.98000, 8.0
17.99000, 10.0
18.00000, 6.0
18.01000, 12.0
18.02000, 9.0
18.03000, 14.0
18.04000, 13.0
18.05000, 12.0
18.06000, 13.0
18.07000, 10.0
18.08000, 4.0
18.09000, 8.0
18.10000, 8.0
18.11000, 8.0
18.12000, 5.0
18.13000, 4.0
18.14000, 10.0
18.15000, 8.0
18.16000, 3.0
18.17000, 11.0
18.18000, 8.0
18.19000, 5.0
18.20000, 7.0
18.21000, 4.0
18.22000, 11.0
18.23000, 4.0
18.24000, 3.0
18.25000, 7.0
18.26000, 3.0
18.27000, 6.0
18.28000, 1.0
18.29000, 6.0
18.30000, 11.0
18.31000, 7.0
18.32000, 8.0
18.33000, 5.0
18.34000, 5.0
18.35000, 6.0
18.36000, 5.0
18.37000, 7.0
18.38000, 9.0
18.39000, 5.0
18.40000, 6.0
18.41000, 6.0
18.42000, 6.0
18.43000, 9.0
18.44000, 4.0
18.45000, 5.0
18.46000, 12.0
18.47000, 4.0
18.48000, 5.0
18.49000, 9.0
18.50000, 7.0
18.51000, 6.0
18.52000, 9.0
18.53000, 8.0
18.54000, 4.0
18.55000, 7.0
18.56000, 7.0
18.57000, 9.0
18.58000, 5.0
18.59000, 3.0
18.60000, 6.0
18.61000, 4.0
18.62000, 6.0
18.63000, 4.0
18.64000, 4.0
18.65000, 3.0
18.66000, 3.0
18.67000, 3.0
18.68000, 3.0
18.69000, 3.0
18.70000, 3.0
18.71000, 7.0
18.72000, 6.0
18.73000, 6.0
18.74000, 4.0
18.75000, 3.0
18.76000, 5.0
18.77000, 4.0
18.78000, 3.0
18.79000, 2.0
18.80000, 7.0
18.81000, 3.0
18.82000, 3.0
18.83000, 1.0
18.84000, 2.0
18.85000, 6.0
18.86000, 1.0
18.87000, 2.0
18.88000, 4.0
18.89000, 3.0
18.90000, 1.0
18.91000, 3.0
18.92000, 11.0
18.93000, 4.0
18.94000, 3.0
18.95000, 0.0
18.96000, 3.0
18.97000, 6.0
18.98000, 7.0
18.99000, 7.0
19.00000, 5.0
19.01000, 3.0
19.02000, 4.0
19.03000, 1.0
19.04000, 3.0
19.05000, 4.0
19.06000, 4.0
19.07000, 1.0
19.08000, 3.0
19.09000, 3.0
19.10000, 3.0
19.11000, 3.0
19.12000, 5.0
19.13000, 2.0
19.14000, 0.0
19.15000, 4.0
19.16000, 2.0
19.17000, 4.0
19.18000, 3.0
19.19000, 4.0
19.20000, 2.0
19.21000, 2.0
19.22000, 4.0
19.23000, 3.0
19.24000, 3.0
19.25000, 4.0
19.26000, 7.0
19.27000, 2.0
19.28000, 3.0
19.29000, 3.0
19.30000, 2.0
19.31000, 5.0
19.32000, 3.0
19.33000, 1.0
19.34000, 5.0
19.35000, 4.0
19.36000, 7.0
19.37000, 3.0
19.38000, 4.0
19.39000, 3.0
19.40000, 3.0
19.41000, 3.0
19.42000, 3.0
19.43000, 3.0
19.44000, 4.0
19.45000, 2.0
19.46000, 2.0
19.47000, 0.0
19.48000, 1.0
19.49000, 2.0
19.50000, 4.0
19.51000, 4.0
19.52000, 1.0
19.53000, 2.0
19.54000, 1.0
19.55000, 2.0
19.56000, 1.0
19.57000, 2.0
19.58000, 2.0
19.59000, 1.0
19.60000, 1.0
19.61000, 2.0
19.62000, 4.0
19.63000, 3.0
19.64000, 1.0
19.65000, 2.0
19.66000, 2.0
19.67000, 1.0
19.68000, 0.0
19.69000, 3.0
19.70000, 1.0
19.71000, 2.0
19.72000, 0.0
19.73000, 1.0
19.74000, 0.0
19.75000, 4.0
19.76000, 2.0
19.77000, 0.0
19.78000, 3.0
19.79000, 1.0
19.80000, 1.0
19.81000, 0.0
19.82000, 0.0
19.83000, 1.0
19.84000, 1.0
19.85000, 2.0
19.86000, 1.0
19.87000, 1.0
19.88000, 1.0
19.89000, 1.0
19.90000, 0.0
19.91000, 0.0
19.92000, 1.0
19.93000, 1.0
19.94000, 0.0
19.95000, 1.0
19.96000, 1.0
19.97000, 0.0
19.98000, 1.0
19.99000, 0.0
20.00000, 1.0
20.01000, 1.0
20.02000, 0.0
20.03000, 0.0
20.04000, 2.0
20.05000, 0.0
20.06000, 1.0
20.07000, 0.0
20.08000, 0.0
20.09000, 0.0
20.10000, 0.0
20.11000, 1.0
20.12000, 0.0
20.13000, 0.0
20.14000, 0.0
20.15000, 0.0
20.16000, 0.0
20.17000, 1.0
20.18000, 0.0
20.19000, 0.0
20.20000, 1.0
20.21000, 1.0
20.22000, 1.0
20.23000, 0.0
20.24000, 0.0
20.25000, 0.0
20.26000, 0.0
20.27000, 0.0
#ENDOFDATA   : 
