#FORMAT      : EMSA/MAS Spectral Data File
#VERSION     : 1.0
#TITLE       : Spectrum 1
#DATE        : 20-DEC-2021
#TIME        : 13:48
#OWNER       : 
#NPOINTS     : 2048.0
#NCOLUMNS    : 1.0
#XUNITS      : keV
#YUNITS      : counts
#DATATYPE    : XY
#XPERCHAN    : 0.01
#OFFSET      : -0.2
#SIGNALTYPE  : EDS
#CHOFFSET    : 20.0
#LIVETIME    : 40.0
#REALTIME    : 42.862316132
#BEAMKV      : 20.0
#MAGCAM      : 500.0
#XTILTSTGE   : 0.0
#AZIMANGLE   : 0.0
#ELEVANGLE   : 35.0
#XPOSITION mm: -0.2433
#YPOSITION mm: -11.5485
#ZPOSITION mm: 10.0000
##OXINSTPT   : 4
##OXINSTSTROB: 43.58
##OXINSTNDET : 1
##OXINSTELEMS: 6,26,25,14,24,23,29,16
##OXINSTLABEL: 6, 0.277, C
##OXINSTLABEL: 26, 6.404, Fe
##OXINSTLABEL: 26, 7.058, Fe
##OXINSTLABEL: 26, 0.703, Fe
##OXINSTLABEL: 26, 0.615, Fe
##OXINSTLABEL: 25, 5.899, Mn
##OXINSTLABEL: 25, 6.490, Mn
##OXINSTLABEL: 25, 0.636, Mn
##OXINSTLABEL: 25, 0.556, Mn
##OXINSTLABEL: 14, 1.740, Si
##OXINSTLABEL: 24, 5.415, Cr
##OXINSTLABEL: 24, 5.947, Cr
##OXINSTLABEL: 24, 0.573, Cr
##OXINSTLABEL: 24, 0.500, Cr
##OXINSTLABEL: 23, 4.952, V
##OXINSTLABEL: 23, 5.427, V
##OXINSTLABEL: 23, 0.511, V
##OXINSTLABEL: 23, 0.446, V
##OXINSTLABEL: 29, 8.048, Cu
##OXINSTLABEL: 29, 8.905, Cu
##OXINSTLABEL: 29, 0.930, Cu
##OXINSTLABEL: 29, 0.832, Cu
##OXINSTLABEL: 29, 0.811, Cu
##OXINSTLABEL: 16, 2.308, S
##OXINSTLABEL: 16, 2.464, S
#SPECTRUM    : Spectral Data Starts Here
-0.20000, 0.0
-0.19000, 0.0
-0.18000, 0.0
-0.17000, 0.0
-0.16000, 0.0
-0.15000, 0.0
-0.14000, 0.0
-0.13000, 0.0
-0.12000, 0.0
-0.11000, 0.0
-0.10000, 0.0
-0.09000, 0.0
-0.08000, 0.0
-0.07000, 1.0
-0.06000, 1.0
-0.05000, 8.0
-0.04000, 45.0
-0.03000, 146.0
-0.02000, 371.0
-0.01000, 693.0
0.00000, 1096.0
0.01000, 1422.0
0.02000, 1629.0
0.03000, 1793.0
0.04000, 1729.0
0.05000, 1361.0
0.06000, 922.0
0.07000, 536.0
0.08000, 298.0
0.09000, 210.0
0.10000, 160.0
0.11000, 135.0
0.12000, 132.0
0.13000, 119.0
0.14000, 106.0
0.15000, 124.0
0.16000, 145.0
0.17000, 158.0
0.18000, 158.0
0.19000, 161.0
0.20000, 176.0
0.21000, 207.0
0.22000, 243.0
0.23000, 317.0
0.24000, 486.0
0.25000, 712.0
0.26000, 939.0
0.27000, 1045.0
0.28000, 1045.0
0.29000, 850.0
0.30000, 628.0
0.31000, 398.0
0.32000, 231.0
0.33000, 172.0
0.34000, 169.0
0.35000, 199.0
0.36000, 187.0
0.37000, 222.0
0.38000, 267.0
0.39000, 250.0
0.40000, 267.0
0.41000, 280.0
0.42000, 296.0
0.43000, 296.0
0.44000, 327.0
0.45000, 379.0
0.46000, 415.0
0.47000, 482.0
0.48000, 495.0
0.49000, 612.0
0.50000, 714.0
0.51000, 809.0
0.52000, 903.0
0.53000, 941.0
0.54000, 943.0
0.55000, 939.0
0.56000, 1045.0
0.57000, 1380.0
0.58000, 1932.0
0.59000, 2602.0
0.60000, 3330.0
0.61000, 3915.0
0.62000, 4097.0
0.63000, 3858.0
0.64000, 3486.0
0.65000, 3454.0
0.66000, 3975.0
0.67000, 5248.0
0.68000, 6891.0
0.69000, 8808.0
0.70000, 9821.0
0.71000, 9858.0
0.72000, 8549.0
0.73000, 6407.0
0.74000, 4255.0
0.75000, 2639.0
0.76000, 1467.0
0.77000, 792.0
0.78000, 504.0
0.79000, 331.0
0.80000, 281.0
0.81000, 252.0
0.82000, 214.0
0.83000, 202.0
0.84000, 204.0
0.85000, 199.0
0.86000, 203.0
0.87000, 185.0
0.88000, 190.0
0.89000, 183.0
0.90000, 180.0
0.91000, 209.0
0.92000, 232.0
0.93000, 209.0
0.94000, 208.0
0.95000, 234.0
0.96000, 199.0
0.97000, 203.0
0.98000, 217.0
0.99000, 215.0
1.00000, 235.0
1.01000, 237.0
1.02000, 248.0
1.03000, 237.0
1.04000, 221.0
1.05000, 223.0
1.06000, 240.0
1.07000, 241.0
1.08000, 227.0
1.09000, 238.0
1.10000, 243.0
1.11000, 245.0
1.12000, 247.0
1.13000, 241.0
1.14000, 257.0
1.15000, 255.0
1.16000, 252.0
1.17000, 263.0
1.18000, 281.0
1.19000, 281.0
1.20000, 260.0
1.21000, 276.0
1.22000, 282.0
1.23000, 285.0
1.24000, 302.0
1.25000, 303.0
1.26000, 292.0
1.27000, 307.0
1.28000, 348.0
1.29000, 316.0
1.30000, 305.0
1.31000, 317.0
1.32000, 293.0
1.33000, 327.0
1.34000, 302.0
1.35000, 294.0
1.36000, 323.0
1.37000, 289.0
1.38000, 327.0
1.39000, 321.0
1.40000, 330.0
1.41000, 327.0
1.42000, 344.0
1.43000, 342.0
1.44000, 341.0
1.45000, 360.0
1.46000, 369.0
1.47000, 311.0
1.48000, 347.0
1.49000, 351.0
1.50000, 350.0
1.51000, 336.0
1.52000, 347.0
1.53000, 342.0
1.54000, 351.0
1.55000, 318.0
1.56000, 322.0
1.57000, 339.0
1.58000, 331.0
1.59000, 336.0
1.60000, 329.0
1.61000, 355.0
1.62000, 355.0
1.63000, 338.0
1.64000, 330.0
1.65000, 334.0
1.66000, 366.0
1.67000, 387.0
1.68000, 363.0
1.69000, 398.0
1.70000, 401.0
1.71000, 435.0
1.72000, 471.0
1.73000, 488.0
1.74000, 460.0
1.75000, 480.0
1.76000, 486.0
1.77000, 470.0
1.78000, 427.0
1.79000, 417.0
1.80000, 402.0
1.81000, 376.0
1.82000, 384.0
1.83000, 363.0
1.84000, 347.0
1.85000, 373.0
1.86000, 356.0
1.87000, 361.0
1.88000, 361.0
1.89000, 348.0
1.90000, 367.0
1.91000, 379.0
1.92000, 388.0
1.93000, 387.0
1.94000, 352.0
1.95000, 341.0
1.96000, 400.0
1.97000, 389.0
1.98000, 382.0
1.99000, 378.0
2.00000, 368.0
2.01000, 383.0
2.02000, 376.0
2.03000, 382.0
2.04000, 372.0
2.05000, 393.0
2.06000, 377.0
2.07000, 389.0
2.08000, 409.0
2.09000, 397.0
2.10000, 383.0
2.11000, 372.0
2.12000, 372.0
2.13000, 353.0
2.14000, 361.0
2.15000, 370.0
2.16000, 386.0
2.17000, 384.0
2.18000, 320.0
2.19000, 375.0
2.20000, 383.0
2.21000, 375.0
2.22000, 379.0
2.23000, 409.0
2.24000, 408.0
2.25000, 414.0
2.26000, 422.0
2.27000, 414.0
2.28000, 433.0
2.29000, 444.0
2.30000, 429.0
2.31000, 416.0
2.32000, 440.0
2.33000, 419.0
2.34000, 424.0
2.35000, 429.0
2.36000, 418.0
2.37000, 391.0
2.38000, 381.0
2.39000, 394.0
2.40000, 406.0
2.41000, 402.0
2.42000, 401.0
2.43000, 394.0
2.44000, 406.0
2.45000, 407.0
2.46000, 402.0
2.47000, 400.0
2.48000, 410.0
2.49000, 405.0
2.50000, 400.0
2.51000, 378.0
2.52000, 360.0
2.53000, 377.0
2.54000, 388.0
2.55000, 420.0
2.56000, 404.0
2.57000, 372.0
2.58000, 401.0
2.59000, 409.0
2.60000, 401.0
2.61000, 371.0
2.62000, 378.0
2.63000, 389.0
2.64000, 348.0
2.65000, 367.0
2.66000, 383.0
2.67000, 391.0
2.68000, 398.0
2.69000, 406.0
2.70000, 387.0
2.71000, 372.0
2.72000, 380.0
2.73000, 355.0
2.74000, 354.0
2.75000, 366.0
2.76000, 373.0
2.77000, 407.0
2.78000, 368.0
2.79000, 352.0
2.80000, 368.0
2.81000, 393.0
2.82000, 384.0
2.83000, 352.0
2.84000, 428.0
2.85000, 419.0
2.86000, 396.0
2.87000, 374.0
2.88000, 361.0
2.89000, 368.0
2.90000, 357.0
2.91000, 381.0
2.92000, 366.0
2.93000, 387.0
2.94000, 367.0
2.95000, 397.0
2.96000, 375.0
2.97000, 365.0
2.98000, 391.0
2.99000, 382.0
3.00000, 388.0
3.01000, 362.0
3.02000, 364.0
3.03000, 354.0
3.04000, 365.0
3.05000, 400.0
3.06000, 353.0
3.07000, 362.0
3.08000, 350.0
3.09000, 353.0
3.10000, 349.0
3.11000, 337.0
3.12000, 402.0
3.13000, 388.0
3.14000, 341.0
3.15000, 364.0
3.16000, 372.0
3.17000, 381.0
3.18000, 352.0
3.19000, 367.0
3.20000, 355.0
3.21000, 348.0
3.22000, 380.0
3.23000, 372.0
3.24000, 370.0
3.25000, 353.0
3.26000, 350.0
3.27000, 361.0
3.28000, 358.0
3.29000, 343.0
3.30000, 382.0
3.31000, 378.0
3.32000, 355.0
3.33000, 368.0
3.34000, 342.0
3.35000, 383.0
3.36000, 372.0
3.37000, 348.0
3.38000, 361.0
3.39000, 373.0
3.40000, 360.0
3.41000, 326.0
3.42000, 370.0
3.43000, 381.0
3.44000, 381.0
3.45000, 368.0
3.46000, 354.0
3.47000, 354.0
3.48000, 347.0
3.49000, 340.0
3.50000, 345.0
3.51000, 341.0
3.52000, 337.0
3.53000, 333.0
3.54000, 367.0
3.55000, 336.0
3.56000, 366.0
3.57000, 359.0
3.58000, 344.0
3.59000, 329.0
3.60000, 359.0
3.61000, 348.0
3.62000, 342.0
3.63000, 333.0
3.64000, 366.0
3.65000, 374.0
3.66000, 357.0
3.67000, 361.0
3.68000, 377.0
3.69000, 369.0
3.70000, 364.0
3.71000, 374.0
3.72000, 366.0
3.73000, 330.0
3.74000, 339.0
3.75000, 373.0
3.76000, 330.0
3.77000, 342.0
3.78000, 344.0
3.79000, 338.0
3.80000, 341.0
3.81000, 321.0
3.82000, 310.0
3.83000, 319.0
3.84000, 316.0
3.85000, 307.0
3.86000, 316.0
3.87000, 329.0
3.88000, 334.0
3.89000, 305.0
3.90000, 334.0
3.91000, 323.0
3.92000, 333.0
3.93000, 301.0
3.94000, 305.0
3.95000, 297.0
3.96000, 318.0
3.97000, 324.0
3.98000, 316.0
3.99000, 342.0
4.00000, 321.0
4.01000, 335.0
4.02000, 329.0
4.03000, 324.0
4.04000, 323.0
4.05000, 314.0
4.06000, 319.0
4.07000, 335.0
4.08000, 312.0
4.09000, 316.0
4.10000, 316.0
4.11000, 309.0
4.12000, 296.0
4.13000, 296.0
4.14000, 313.0
4.15000, 302.0
4.16000, 318.0
4.17000, 336.0
4.18000, 320.0
4.19000, 302.0
4.20000, 276.0
4.21000, 282.0
4.22000, 291.0
4.23000, 310.0
4.24000, 309.0
4.25000, 318.0
4.26000, 300.0
4.27000, 293.0
4.28000, 311.0
4.29000, 303.0
4.30000, 300.0
4.31000, 302.0
4.32000, 292.0
4.33000, 300.0
4.34000, 331.0
4.35000, 327.0
4.36000, 313.0
4.37000, 307.0
4.38000, 293.0
4.39000, 272.0
4.40000, 284.0
4.41000, 272.0
4.42000, 284.0
4.43000, 309.0
4.44000, 288.0
4.45000, 288.0
4.46000, 299.0
4.47000, 267.0
4.48000, 283.0
4.49000, 296.0
4.50000, 288.0
4.51000, 325.0
4.52000, 287.0
4.53000, 309.0
4.54000, 303.0
4.55000, 298.0
4.56000, 331.0
4.57000, 322.0
4.58000, 310.0
4.59000, 294.0
4.60000, 329.0
4.61000, 325.0
4.62000, 332.0
4.63000, 365.0
4.64000, 332.0
4.65000, 340.0
4.66000, 351.0
4.67000, 382.0
4.68000, 340.0
4.69000, 323.0
4.70000, 309.0
4.71000, 323.0
4.72000, 313.0
4.73000, 311.0
4.74000, 294.0
4.75000, 310.0
4.76000, 279.0
4.77000, 264.0
4.78000, 281.0
4.79000, 285.0
4.80000, 267.0
4.81000, 296.0
4.82000, 277.0
4.83000, 284.0
4.84000, 288.0
4.85000, 277.0
4.86000, 275.0
4.87000, 291.0
4.88000, 286.0
4.89000, 291.0
4.90000, 283.0
4.91000, 322.0
4.92000, 314.0
4.93000, 312.0
4.94000, 302.0
4.95000, 317.0
4.96000, 300.0
4.97000, 287.0
4.98000, 302.0
4.99000, 335.0
5.00000, 338.0
5.01000, 270.0
5.02000, 302.0
5.03000, 278.0
5.04000, 290.0
5.05000, 264.0
5.06000, 270.0
5.07000, 285.0
5.08000, 275.0
5.09000, 256.0
5.10000, 252.0
5.11000, 269.0
5.12000, 260.0
5.13000, 293.0
5.14000, 266.0
5.15000, 269.0
5.16000, 251.0
5.17000, 235.0
5.18000, 255.0
5.19000, 273.0
5.20000, 289.0
5.21000, 261.0
5.22000, 267.0
5.23000, 265.0
5.24000, 256.0
5.25000, 262.0
5.26000, 281.0
5.27000, 275.0
5.28000, 289.0
5.29000, 276.0
5.30000, 267.0
5.31000, 268.0
5.32000, 255.0
5.33000, 265.0
5.34000, 301.0
5.35000, 308.0
5.36000, 295.0
5.37000, 312.0
5.38000, 313.0
5.39000, 313.0
5.40000, 346.0
5.41000, 357.0
5.42000, 340.0
5.43000, 327.0
5.44000, 317.0
5.45000, 313.0
5.46000, 300.0
5.47000, 305.0
5.48000, 283.0
5.49000, 284.0
5.50000, 290.0
5.51000, 280.0
5.52000, 258.0
5.53000, 233.0
5.54000, 235.0
5.55000, 235.0
5.56000, 273.0
5.57000, 260.0
5.58000, 235.0
5.59000, 241.0
5.60000, 261.0
5.61000, 240.0
5.62000, 235.0
5.63000, 241.0
5.64000, 239.0
5.65000, 252.0
5.66000, 232.0
5.67000, 253.0
5.68000, 241.0
5.69000, 238.0
5.70000, 244.0
5.71000, 218.0
5.72000, 252.0
5.73000, 249.0
5.74000, 240.0
5.75000, 249.0
5.76000, 242.0
5.77000, 237.0
5.78000, 255.0
5.79000, 277.0
5.80000, 310.0
5.81000, 330.0
5.82000, 340.0
5.83000, 401.0
5.84000, 427.0
5.85000, 456.0
5.86000, 524.0
5.87000, 535.0
5.88000, 532.0
5.89000, 574.0
5.90000, 527.0
5.91000, 507.0
5.92000, 510.0
5.93000, 483.0
5.94000, 449.0
5.95000, 425.0
5.96000, 407.0
5.97000, 355.0
5.98000, 358.0
5.99000, 301.0
6.00000, 291.0
6.01000, 277.0
6.02000, 255.0
6.03000, 253.0
6.04000, 229.0
6.05000, 260.0
6.06000, 249.0
6.07000, 232.0
6.08000, 243.0
6.09000, 243.0
6.10000, 232.0
6.11000, 238.0
6.12000, 247.0
6.13000, 251.0
6.14000, 270.0
6.15000, 256.0
6.16000, 260.0
6.17000, 270.0
6.18000, 269.0
6.19000, 295.0
6.20000, 320.0
6.21000, 350.0
6.22000, 375.0
6.23000, 478.0
6.24000, 608.0
6.25000, 794.0
6.26000, 1132.0
6.27000, 1566.0
6.28000, 2267.0
6.29000, 3159.0
6.30000, 4272.0
6.31000, 5542.0
6.32000, 7286.0
6.33000, 9020.0
6.34000, 11077.0
6.35000, 13192.0
6.36000, 15094.0
6.37000, 16985.0
6.38000, 18242.0
6.39000, 18995.0
6.40000, 19272.0
6.41000, 19062.0
6.42000, 18235.0
6.43000, 16818.0
6.44000, 15033.0
6.45000, 13052.0
6.46000, 11243.0
6.47000, 9132.0
6.48000, 7283.0
6.49000, 5553.0
6.50000, 4176.0
6.51000, 3084.0
6.52000, 2289.0
6.53000, 1576.0
6.54000, 1132.0
6.55000, 840.0
6.56000, 633.0
6.57000, 474.0
6.58000, 391.0
6.59000, 298.0
6.60000, 257.0
6.61000, 242.0
6.62000, 243.0
6.63000, 218.0
6.64000, 221.0
6.65000, 225.0
6.66000, 241.0
6.67000, 247.0
6.68000, 224.0
6.69000, 216.0
6.70000, 212.0
6.71000, 215.0
6.72000, 207.0
6.73000, 211.0
6.74000, 229.0
6.75000, 229.0
6.76000, 217.0
6.77000, 206.0
6.78000, 223.0
6.79000, 208.0
6.80000, 210.0
6.81000, 201.0
6.82000, 214.0
6.83000, 208.0
6.84000, 218.0
6.85000, 254.0
6.86000, 263.0
6.87000, 268.0
6.88000, 269.0
6.89000, 335.0
6.90000, 370.0
6.91000, 381.0
6.92000, 431.0
6.93000, 468.0
6.94000, 639.0
6.95000, 757.0
6.96000, 937.0
6.97000, 1168.0
6.98000, 1394.0
6.99000, 1583.0
7.00000, 1842.0
7.01000, 2158.0
7.02000, 2317.0
7.03000, 2523.0
7.04000, 2642.0
7.05000, 2678.0
7.06000, 2685.0
7.07000, 2564.0
7.08000, 2509.0
7.09000, 2222.0
7.10000, 2029.0
7.11000, 1818.0
7.12000, 1557.0
7.13000, 1241.0
7.14000, 1006.0
7.15000, 798.0
7.16000, 637.0
7.17000, 500.0
7.18000, 402.0
7.19000, 321.0
7.20000, 234.0
7.21000, 213.0
7.22000, 161.0
7.23000, 135.0
7.24000, 145.0
7.25000, 129.0
7.26000, 117.0
7.27000, 114.0
7.28000, 91.0
7.29000, 101.0
7.30000, 106.0
7.31000, 94.0
7.32000, 113.0
7.33000, 113.0
7.34000, 104.0
7.35000, 109.0
7.36000, 115.0
7.37000, 119.0
7.38000, 105.0
7.39000, 119.0
7.40000, 111.0
7.41000, 113.0
7.42000, 113.0
7.43000, 123.0
7.44000, 118.0
7.45000, 112.0
7.46000, 108.0
7.47000, 108.0
7.48000, 123.0
7.49000, 126.0
7.50000, 116.0
7.51000, 120.0
7.52000, 121.0
7.53000, 111.0
7.54000, 127.0
7.55000, 123.0
7.56000, 97.0
7.57000, 93.0
7.58000, 106.0
7.59000, 109.0
7.60000, 103.0
7.61000, 104.0
7.62000, 100.0
7.63000, 111.0
7.64000, 103.0
7.65000, 99.0
7.66000, 101.0
7.67000, 111.0
7.68000, 108.0
7.69000, 118.0
7.70000, 108.0
7.71000, 108.0
7.72000, 95.0
7.73000, 110.0
7.74000, 115.0
7.75000, 105.0
7.76000, 121.0
7.77000, 103.0
7.78000, 97.0
7.79000, 105.0
7.80000, 108.0
7.81000, 112.0
7.82000, 118.0
7.83000, 110.0
7.84000, 110.0
7.85000, 98.0
7.86000, 84.0
7.87000, 96.0
7.88000, 109.0
7.89000, 124.0
7.90000, 115.0
7.91000, 120.0
7.92000, 104.0
7.93000, 100.0
7.94000, 116.0
7.95000, 117.0
7.96000, 119.0
7.97000, 112.0
7.98000, 107.0
7.99000, 110.0
8.00000, 115.0
8.01000, 123.0
8.02000, 126.0
8.03000, 134.0
8.04000, 117.0
8.05000, 132.0
8.06000, 130.0
8.07000, 131.0
8.08000, 129.0
8.09000, 133.0
8.10000, 109.0
8.11000, 112.0
8.12000, 122.0
8.13000, 108.0
8.14000, 101.0
8.15000, 96.0
8.16000, 99.0
8.17000, 95.0
8.18000, 99.0
8.19000, 96.0
8.20000, 107.0
8.21000, 116.0
8.22000, 97.0
8.23000, 87.0
8.24000, 102.0
8.25000, 93.0
8.26000, 95.0
8.27000, 103.0
8.28000, 107.0
8.29000, 102.0
8.30000, 100.0
8.31000, 95.0
8.32000, 98.0
8.33000, 113.0
8.34000, 111.0
8.35000, 96.0
8.36000, 96.0
8.37000, 85.0
8.38000, 106.0
8.39000, 108.0
8.40000, 92.0
8.41000, 109.0
8.42000, 108.0
8.43000, 98.0
8.44000, 96.0
8.45000, 104.0
8.46000, 101.0
8.47000, 104.0
8.48000, 109.0
8.49000, 118.0
8.50000, 96.0
8.51000, 95.0
8.52000, 102.0
8.53000, 101.0
8.54000, 102.0
8.55000, 109.0
8.56000, 103.0
8.57000, 121.0
8.58000, 95.0
8.59000, 93.0
8.60000, 95.0
8.61000, 98.0
8.62000, 92.0
8.63000, 87.0
8.64000, 100.0
8.65000, 93.0
8.66000, 98.0
8.67000, 109.0
8.68000, 103.0
8.69000, 96.0
8.70000, 98.0
8.71000, 106.0
8.72000, 96.0
8.73000, 83.0
8.74000, 101.0
8.75000, 83.0
8.76000, 85.0
8.77000, 96.0
8.78000, 89.0
8.79000, 95.0
8.80000, 90.0
8.81000, 89.0
8.82000, 99.0
8.83000, 96.0
8.84000, 105.0
8.85000, 89.0
8.86000, 85.0
8.87000, 87.0
8.88000, 108.0
8.89000, 107.0
8.90000, 101.0
8.91000, 105.0
8.92000, 92.0
8.93000, 106.0
8.94000, 94.0
8.95000, 86.0
8.96000, 89.0
8.97000, 86.0
8.98000, 90.0
8.99000, 82.0
9.00000, 86.0
9.01000, 98.0
9.02000, 97.0
9.03000, 101.0
9.04000, 94.0
9.05000, 92.0
9.06000, 102.0
9.07000, 99.0
9.08000, 93.0
9.09000, 76.0
9.10000, 80.0
9.11000, 86.0
9.12000, 96.0
9.13000, 84.0
9.14000, 86.0
9.15000, 91.0
9.16000, 114.0
9.17000, 75.0
9.18000, 87.0
9.19000, 97.0
9.20000, 83.0
9.21000, 93.0
9.22000, 93.0
9.23000, 90.0
9.24000, 86.0
9.25000, 96.0
9.26000, 87.0
9.27000, 82.0
9.28000, 90.0
9.29000, 84.0
9.30000, 85.0
9.31000, 81.0
9.32000, 90.0
9.33000, 93.0
9.34000, 95.0
9.35000, 98.0
9.36000, 82.0
9.37000, 86.0
9.38000, 73.0
9.39000, 97.0
9.40000, 86.0
9.41000, 94.0
9.42000, 92.0
9.43000, 91.0
9.44000, 87.0
9.45000, 90.0
9.46000, 101.0
9.47000, 88.0
9.48000, 83.0
9.49000, 91.0
9.50000, 89.0
9.51000, 88.0
9.52000, 89.0
9.53000, 93.0
9.54000, 92.0
9.55000, 87.0
9.56000, 84.0
9.57000, 71.0
9.58000, 72.0
9.59000, 80.0
9.60000, 76.0
9.61000, 83.0
9.62000, 89.0
9.63000, 83.0
9.64000, 100.0
9.65000, 89.0
9.66000, 83.0
9.67000, 76.0
9.68000, 91.0
9.69000, 81.0
9.70000, 87.0
9.71000, 79.0
9.72000, 80.0
9.73000, 98.0
9.74000, 78.0
9.75000, 87.0
9.76000, 87.0
9.77000, 80.0
9.78000, 101.0
9.79000, 79.0
9.80000, 80.0
9.81000, 75.0
9.82000, 70.0
9.83000, 79.0
9.84000, 87.0
9.85000, 73.0
9.86000, 86.0
9.87000, 89.0
9.88000, 74.0
9.89000, 66.0
9.90000, 80.0
9.91000, 73.0
9.92000, 67.0
9.93000, 84.0
9.94000, 76.0
9.95000, 68.0
9.96000, 79.0
9.97000, 72.0
9.98000, 88.0
9.99000, 79.0
10.00000, 92.0
10.01000, 78.0
10.02000, 81.0
10.03000, 88.0
10.04000, 80.0
10.05000, 76.0
10.06000, 80.0
10.07000, 71.0
10.08000, 79.0
10.09000, 80.0
10.10000, 79.0
10.11000, 79.0
10.12000, 79.0
10.13000, 89.0
10.14000, 69.0
10.15000, 73.0
10.16000, 93.0
10.17000, 93.0
10.18000, 88.0
10.19000, 72.0
10.20000, 70.0
10.21000, 77.0
10.22000, 75.0
10.23000, 71.0
10.24000, 72.0
10.25000, 67.0
10.26000, 86.0
10.27000, 71.0
10.28000, 64.0
10.29000, 75.0
10.30000, 89.0
10.31000, 96.0
10.32000, 70.0
10.33000, 86.0
10.34000, 77.0
10.35000, 84.0
10.36000, 79.0
10.37000, 64.0
10.38000, 62.0
10.39000, 73.0
10.40000, 90.0
10.41000, 81.0
10.42000, 87.0
10.43000, 83.0
10.44000, 68.0
10.45000, 73.0
10.46000, 76.0
10.47000, 70.0
10.48000, 75.0
10.49000, 82.0
10.50000, 65.0
10.51000, 74.0
10.52000, 86.0
10.53000, 78.0
10.54000, 67.0
10.55000, 69.0
10.56000, 66.0
10.57000, 79.0
10.58000, 74.0
10.59000, 66.0
10.60000, 71.0
10.61000, 75.0
10.62000, 70.0
10.63000, 75.0
10.64000, 65.0
10.65000, 84.0
10.66000, 69.0
10.67000, 86.0
10.68000, 76.0
10.69000, 69.0
10.70000, 64.0
10.71000, 68.0
10.72000, 65.0
10.73000, 80.0
10.74000, 87.0
10.75000, 59.0
10.76000, 62.0
10.77000, 65.0
10.78000, 81.0
10.79000, 66.0
10.80000, 74.0
10.81000, 55.0
10.82000, 70.0
10.83000, 73.0
10.84000, 68.0
10.85000, 63.0
10.86000, 64.0
10.87000, 74.0
10.88000, 63.0
10.89000, 64.0
10.90000, 74.0
10.91000, 61.0
10.92000, 75.0
10.93000, 83.0
10.94000, 76.0
10.95000, 69.0
10.96000, 57.0
10.97000, 65.0
10.98000, 73.0
10.99000, 62.0
11.00000, 69.0
11.01000, 51.0
11.02000, 59.0
11.03000, 68.0
11.04000, 56.0
11.05000, 69.0
11.06000, 83.0
11.07000, 56.0
11.08000, 51.0
11.09000, 69.0
11.10000, 62.0
11.11000, 75.0
11.12000, 65.0
11.13000, 50.0
11.14000, 65.0
11.15000, 61.0
11.16000, 67.0
11.17000, 74.0
11.18000, 68.0
11.19000, 60.0
11.20000, 80.0
11.21000, 54.0
11.22000, 65.0
11.23000, 78.0
11.24000, 56.0
11.25000, 57.0
11.26000, 65.0
11.27000, 62.0
11.28000, 59.0
11.29000, 55.0
11.30000, 49.0
11.31000, 65.0
11.32000, 66.0
11.33000, 60.0
11.34000, 64.0
11.35000, 66.0
11.36000, 65.0
11.37000, 58.0
11.38000, 64.0
11.39000, 53.0
11.40000, 51.0
11.41000, 59.0
11.42000, 63.0
11.43000, 68.0
11.44000, 61.0
11.45000, 68.0
11.46000, 64.0
11.47000, 55.0
11.48000, 57.0
11.49000, 51.0
11.50000, 58.0
11.51000, 72.0
11.52000, 60.0
11.53000, 61.0
11.54000, 66.0
11.55000, 48.0
11.56000, 47.0
11.57000, 64.0
11.58000, 65.0
11.59000, 54.0
11.60000, 73.0
11.61000, 66.0
11.62000, 50.0
11.63000, 52.0
11.64000, 55.0
11.65000, 62.0
11.66000, 54.0
11.67000, 50.0
11.68000, 65.0
11.69000, 63.0
11.70000, 55.0
11.71000, 53.0
11.72000, 55.0
11.73000, 58.0
11.74000, 66.0
11.75000, 57.0
11.76000, 46.0
11.77000, 42.0
11.78000, 56.0
11.79000, 59.0
11.80000, 57.0
11.81000, 65.0
11.82000, 57.0
11.83000, 65.0
11.84000, 51.0
11.85000, 51.0
11.86000, 59.0
11.87000, 59.0
11.88000, 51.0
11.89000, 56.0
11.90000, 59.0
11.91000, 70.0
11.92000, 66.0
11.93000, 59.0
11.94000, 57.0
11.95000, 58.0
11.96000, 52.0
11.97000, 52.0
11.98000, 47.0
11.99000, 44.0
12.00000, 54.0
12.01000, 51.0
12.02000, 53.0
12.03000, 40.0
12.04000, 61.0
12.05000, 69.0
12.06000, 54.0
12.07000, 62.0
12.08000, 36.0
12.09000, 48.0
12.10000, 63.0
12.11000, 52.0
12.12000, 47.0
12.13000, 48.0
12.14000, 45.0
12.15000, 47.0
12.16000, 38.0
12.17000, 51.0
12.18000, 49.0
12.19000, 52.0
12.20000, 58.0
12.21000, 45.0
12.22000, 59.0
12.23000, 52.0
12.24000, 57.0
12.25000, 55.0
12.26000, 46.0
12.27000, 49.0
12.28000, 58.0
12.29000, 53.0
12.30000, 53.0
12.31000, 48.0
12.32000, 53.0
12.33000, 52.0
12.34000, 40.0
12.35000, 66.0
12.36000, 56.0
12.37000, 57.0
12.38000, 53.0
12.39000, 55.0
12.40000, 53.0
12.41000, 41.0
12.42000, 46.0
12.43000, 55.0
12.44000, 46.0
12.45000, 61.0
12.46000, 53.0
12.47000, 43.0
12.48000, 57.0
12.49000, 52.0
12.50000, 39.0
12.51000, 55.0
12.52000, 45.0
12.53000, 40.0
12.54000, 50.0
12.55000, 42.0
12.56000, 48.0
12.57000, 48.0
12.58000, 40.0
12.59000, 54.0
12.60000, 50.0
12.61000, 64.0
12.62000, 50.0
12.63000, 56.0
12.64000, 55.0
12.65000, 59.0
12.66000, 59.0
12.67000, 40.0
12.68000, 47.0
12.69000, 64.0
12.70000, 53.0
12.71000, 43.0
12.72000, 75.0
12.73000, 49.0
12.74000, 56.0
12.75000, 74.0
12.76000, 57.0
12.77000, 70.0
12.78000, 71.0
12.79000, 73.0
12.80000, 77.0
12.81000, 82.0
12.82000, 84.0
12.83000, 80.0
12.84000, 86.0
12.85000, 81.0
12.86000, 63.0
12.87000, 48.0
12.88000, 62.0
12.89000, 62.0
12.90000, 57.0
12.91000, 51.0
12.92000, 66.0
12.93000, 48.0
12.94000, 43.0
12.95000, 56.0
12.96000, 46.0
12.97000, 58.0
12.98000, 57.0
12.99000, 45.0
13.00000, 43.0
13.01000, 43.0
13.02000, 32.0
13.03000, 40.0
13.04000, 48.0
13.05000, 46.0
13.06000, 48.0
13.07000, 39.0
13.08000, 49.0
13.09000, 40.0
13.10000, 38.0
13.11000, 44.0
13.12000, 35.0
13.13000, 41.0
13.14000, 41.0
13.15000, 40.0
13.16000, 47.0
13.17000, 41.0
13.18000, 41.0
13.19000, 41.0
13.20000, 52.0
13.21000, 36.0
13.22000, 34.0
13.23000, 37.0
13.24000, 40.0
13.25000, 42.0
13.26000, 44.0
13.27000, 43.0
13.28000, 43.0
13.29000, 39.0
13.30000, 36.0
13.31000, 33.0
13.32000, 42.0
13.33000, 44.0
13.34000, 37.0
13.35000, 39.0
13.36000, 29.0
13.37000, 41.0
13.38000, 49.0
13.39000, 44.0
13.40000, 55.0
13.41000, 51.0
13.42000, 58.0
13.43000, 48.0
13.44000, 42.0
13.45000, 48.0
13.46000, 46.0
13.47000, 44.0
13.48000, 41.0
13.49000, 51.0
13.50000, 37.0
13.51000, 42.0
13.52000, 50.0
13.53000, 49.0
13.54000, 47.0
13.55000, 31.0
13.56000, 36.0
13.57000, 52.0
13.58000, 37.0
13.59000, 39.0
13.60000, 40.0
13.61000, 35.0
13.62000, 40.0
13.63000, 37.0
13.64000, 49.0
13.65000, 48.0
13.66000, 36.0
13.67000, 41.0
13.68000, 26.0
13.69000, 35.0
13.70000, 27.0
13.71000, 30.0
13.72000, 42.0
13.73000, 35.0
13.74000, 40.0
13.75000, 28.0
13.76000, 43.0
13.77000, 27.0
13.78000, 35.0
13.79000, 37.0
13.80000, 32.0
13.81000, 18.0
13.82000, 31.0
13.83000, 33.0
13.84000, 22.0
13.85000, 37.0
13.86000, 27.0
13.87000, 23.0
13.88000, 31.0
13.89000, 38.0
13.90000, 23.0
13.91000, 28.0
13.92000, 31.0
13.93000, 26.0
13.94000, 25.0
13.95000, 44.0
13.96000, 36.0
13.97000, 35.0
13.98000, 35.0
13.99000, 33.0
14.00000, 35.0
14.01000, 34.0
14.02000, 26.0
14.03000, 36.0
14.04000, 45.0
14.05000, 34.0
14.06000, 30.0
14.07000, 37.0
14.08000, 36.0
14.09000, 24.0
14.10000, 30.0
14.11000, 30.0
14.12000, 39.0
14.13000, 33.0
14.14000, 30.0
14.15000, 30.0
14.16000, 38.0
14.17000, 23.0
14.18000, 23.0
14.19000, 33.0
14.20000, 39.0
14.21000, 39.0
14.22000, 32.0
14.23000, 27.0
14.24000, 22.0
14.25000, 24.0
14.26000, 31.0
14.27000, 29.0
14.28000, 28.0
14.29000, 35.0
14.30000, 33.0
14.31000, 25.0
14.32000, 25.0
14.33000, 23.0
14.34000, 26.0
14.35000, 31.0
14.36000, 23.0
14.37000, 29.0
14.38000, 27.0
14.39000, 23.0
14.40000, 29.0
14.41000, 38.0
14.42000, 25.0
14.43000, 29.0
14.44000, 31.0
14.45000, 27.0
14.46000, 32.0
14.47000, 32.0
14.48000, 32.0
14.49000, 32.0
14.50000, 37.0
14.51000, 20.0
14.52000, 32.0
14.53000, 21.0
14.54000, 28.0
14.55000, 31.0
14.56000, 28.0
14.57000, 13.0
14.58000, 23.0
14.59000, 28.0
14.60000, 34.0
14.61000, 39.0
14.62000, 36.0
14.63000, 28.0
14.64000, 31.0
14.65000, 21.0
14.66000, 23.0
14.67000, 28.0
14.68000, 27.0
14.69000, 25.0
14.70000, 22.0
14.71000, 24.0
14.72000, 23.0
14.73000, 30.0
14.74000, 22.0
14.75000, 19.0
14.76000, 19.0
14.77000, 32.0
14.78000, 29.0
14.79000, 29.0
14.80000, 30.0
14.81000, 24.0
14.82000, 24.0
14.83000, 18.0
14.84000, 29.0
14.85000, 29.0
14.86000, 21.0
14.87000, 29.0
14.88000, 36.0
14.89000, 19.0
14.90000, 26.0
14.91000, 28.0
14.92000, 28.0
14.93000, 12.0
14.94000, 23.0
14.95000, 29.0
14.96000, 23.0
14.97000, 32.0
14.98000, 30.0
14.99000, 18.0
15.00000, 17.0
15.01000, 34.0
15.02000, 21.0
15.03000, 23.0
15.04000, 27.0
15.05000, 21.0
15.06000, 23.0
15.07000, 24.0
15.08000, 24.0
15.09000, 21.0
15.10000, 19.0
15.11000, 31.0
15.12000, 23.0
15.13000, 20.0
15.14000, 27.0
15.15000, 27.0
15.16000, 21.0
15.17000, 23.0
15.18000, 27.0
15.19000, 16.0
15.20000, 20.0
15.21000, 21.0
15.22000, 33.0
15.23000, 17.0
15.24000, 29.0
15.25000, 15.0
15.26000, 19.0
15.27000, 16.0
15.28000, 15.0
15.29000, 22.0
15.30000, 17.0
15.31000, 20.0
15.32000, 17.0
15.33000, 27.0
15.34000, 24.0
15.35000, 18.0
15.36000, 19.0
15.37000, 27.0
15.38000, 17.0
15.39000, 16.0
15.40000, 30.0
15.41000, 23.0
15.42000, 17.0
15.43000, 18.0
15.44000, 17.0
15.45000, 19.0
15.46000, 24.0
15.47000, 25.0
15.48000, 17.0
15.49000, 18.0
15.50000, 34.0
15.51000, 19.0
15.52000, 25.0
15.53000, 16.0
15.54000, 23.0
15.55000, 27.0
15.56000, 22.0
15.57000, 21.0
15.58000, 16.0
15.59000, 12.0
15.60000, 19.0
15.61000, 16.0
15.62000, 20.0
15.63000, 21.0
15.64000, 23.0
15.65000, 20.0
15.66000, 19.0
15.67000, 11.0
15.68000, 27.0
15.69000, 20.0
15.70000, 25.0
15.71000, 19.0
15.72000, 23.0
15.73000, 25.0
15.74000, 24.0
15.75000, 15.0
15.76000, 17.0
15.77000, 19.0
15.78000, 9.0
15.79000, 24.0
15.80000, 18.0
15.81000, 17.0
15.82000, 24.0
15.83000, 16.0
15.84000, 10.0
15.85000, 19.0
15.86000, 15.0
15.87000, 16.0
15.88000, 20.0
15.89000, 19.0
15.90000, 11.0
15.91000, 22.0
15.92000, 14.0
15.93000, 18.0
15.94000, 17.0
15.95000, 14.0
15.96000, 19.0
15.97000, 15.0
15.98000, 23.0
15.99000, 22.0
16.00000, 23.0
16.01000, 11.0
16.02000, 14.0
16.03000, 18.0
16.04000, 16.0
16.05000, 18.0
16.06000, 15.0
16.07000, 11.0
16.08000, 13.0
16.09000, 11.0
16.10000, 13.0
16.11000, 15.0
16.12000, 24.0
16.13000, 18.0
16.14000, 16.0
16.15000, 15.0
16.16000, 20.0
16.17000, 17.0
16.18000, 23.0
16.19000, 22.0
16.20000, 14.0
16.21000, 17.0
16.22000, 16.0
16.23000, 18.0
16.24000, 22.0
16.25000, 26.0
16.26000, 22.0
16.27000, 21.0
16.28000, 10.0
16.29000, 19.0
16.30000, 17.0
16.31000, 14.0
16.32000, 17.0
16.33000, 11.0
16.34000, 16.0
16.35000, 11.0
16.36000, 12.0
16.37000, 11.0
16.38000, 15.0
16.39000, 11.0
16.40000, 18.0
16.41000, 14.0
16.42000, 20.0
16.43000, 17.0
16.44000, 12.0
16.45000, 6.0
16.46000, 11.0
16.47000, 20.0
16.48000, 10.0
16.49000, 14.0
16.50000, 13.0
16.51000, 19.0
16.52000, 17.0
16.53000, 11.0
16.54000, 9.0
16.55000, 5.0
16.56000, 12.0
16.57000, 13.0
16.58000, 11.0
16.59000, 18.0
16.60000, 11.0
16.61000, 12.0
16.62000, 12.0
16.63000, 10.0
16.64000, 11.0
16.65000, 13.0
16.66000, 13.0
16.67000, 8.0
16.68000, 15.0
16.69000, 5.0
16.70000, 11.0
16.71000, 13.0
16.72000, 15.0
16.73000, 10.0
16.74000, 13.0
16.75000, 15.0
16.76000, 15.0
16.77000, 14.0
16.78000, 11.0
16.79000, 8.0
16.80000, 9.0
16.81000, 24.0
16.82000, 12.0
16.83000, 17.0
16.84000, 13.0
16.85000, 9.0
16.86000, 9.0
16.87000, 11.0
16.88000, 9.0
16.89000, 14.0
16.90000, 8.0
16.91000, 14.0
16.92000, 17.0
16.93000, 10.0
16.94000, 11.0
16.95000, 6.0
16.96000, 20.0
16.97000, 8.0
16.98000, 5.0
16.99000, 6.0
17.00000, 9.0
17.01000, 7.0
17.02000, 8.0
17.03000, 3.0
17.04000, 7.0
17.05000, 13.0
17.06000, 9.0
17.07000, 10.0
17.08000, 10.0
17.09000, 6.0
17.10000, 9.0
17.11000, 13.0
17.12000, 13.0
17.13000, 7.0
17.14000, 10.0
17.15000, 11.0
17.16000, 12.0
17.17000, 5.0
17.18000, 14.0
17.19000, 9.0
17.20000, 7.0
17.21000, 15.0
17.22000, 5.0
17.23000, 17.0
17.24000, 9.0
17.25000, 11.0
17.26000, 7.0
17.27000, 10.0
17.28000, 9.0
17.29000, 7.0
17.30000, 9.0
17.31000, 5.0
17.32000, 11.0
17.33000, 11.0
17.34000, 14.0
17.35000, 8.0
17.36000, 8.0
17.37000, 17.0
17.38000, 11.0
17.39000, 11.0
17.40000, 11.0
17.41000, 11.0
17.42000, 14.0
17.43000, 6.0
17.44000, 5.0
17.45000, 6.0
17.46000, 8.0
17.47000, 9.0
17.48000, 10.0
17.49000, 12.0
17.50000, 10.0
17.51000, 9.0
17.52000, 10.0
17.53000, 8.0
17.54000, 8.0
17.55000, 12.0
17.56000, 10.0
17.57000, 11.0
17.58000, 9.0
17.59000, 6.0
17.60000, 5.0
17.61000, 3.0
17.62000, 8.0
17.63000, 9.0
17.64000, 5.0
17.65000, 5.0
17.66000, 7.0
17.67000, 9.0
17.68000, 6.0
17.69000, 4.0
17.70000, 7.0
17.71000, 10.0
17.72000, 7.0
17.73000, 6.0
17.74000, 6.0
17.75000, 8.0
17.76000, 4.0
17.77000, 9.0
17.78000, 6.0
17.79000, 6.0
17.80000, 7.0
17.81000, 4.0
17.82000, 9.0
17.83000, 10.0
17.84000, 8.0
17.85000, 7.0
17.86000, 7.0
17.87000, 7.0
17.88000, 11.0
17.89000, 7.0
17.90000, 8.0
17.91000, 5.0
17.92000, 7.0
17.93000, 5.0
17.94000, 8.0
17.95000, 3.0
17.96000, 6.0
17.97000, 6.0
17.98000, 3.0
17.99000, 9.0
18.00000, 11.0
18.01000, 4.0
18.02000, 4.0
18.03000, 6.0
18.04000, 6.0
18.05000, 7.0
18.06000, 8.0
18.07000, 7.0
18.08000, 5.0
18.09000, 5.0
18.10000, 5.0
18.11000, 10.0
18.12000, 9.0
18.13000, 7.0
18.14000, 9.0
18.15000, 2.0
18.16000, 1.0
18.17000, 3.0
18.18000, 7.0
18.19000, 8.0
18.20000, 11.0
18.21000, 4.0
18.22000, 5.0
18.23000, 5.0
18.24000, 4.0
18.25000, 5.0
18.26000, 9.0
18.27000, 5.0
18.28000, 7.0
18.29000, 4.0
18.30000, 7.0
18.31000, 2.0
18.32000, 9.0
18.33000, 3.0
18.34000, 1.0
18.35000, 8.0
18.36000, 8.0
18.37000, 6.0
18.38000, 3.0
18.39000, 3.0
18.40000, 5.0
18.41000, 7.0
18.42000, 1.0
18.43000, 2.0
18.44000, 5.0
18.45000, 0.0
18.46000, 6.0
18.47000, 5.0
18.48000, 7.0
18.49000, 4.0
18.50000, 4.0
18.51000, 3.0
18.52000, 6.0
18.53000, 2.0
18.54000, 5.0
18.55000, 10.0
18.56000, 6.0
18.57000, 2.0
18.58000, 3.0
18.59000, 3.0
18.60000, 4.0
18.61000, 4.0
18.62000, 4.0
18.63000, 2.0
18.64000, 2.0
18.65000, 10.0
18.66000, 4.0
18.67000, 3.0
18.68000, 1.0
18.69000, 3.0
18.70000, 5.0
18.71000, 3.0
18.72000, 4.0
18.73000, 2.0
18.74000, 2.0
18.75000, 2.0
18.76000, 3.0
18.77000, 5.0
18.78000, 3.0
18.79000, 3.0
18.80000, 2.0
18.81000, 4.0
18.82000, 1.0
18.83000, 3.0
18.84000, 2.0
18.85000, 1.0
18.86000, 2.0
18.87000, 3.0
18.88000, 5.0
18.89000, 6.0
18.90000, 4.0
18.91000, 2.0
18.92000, 4.0
18.93000, 2.0
18.94000, 1.0
18.95000, 2.0
18.96000, 6.0
18.97000, 5.0
18.98000, 6.0
18.99000, 0.0
19.00000, 2.0
19.01000, 1.0
19.02000, 0.0
19.03000, 1.0
19.04000, 1.0
19.05000, 8.0
19.06000, 3.0
19.07000, 3.0
19.08000, 5.0
19.09000, 2.0
19.10000, 3.0
19.11000, 0.0
19.12000, 6.0
19.13000, 3.0
19.14000, 0.0
19.15000, 3.0
19.16000, 0.0
19.17000, 3.0
19.18000, 2.0
19.19000, 1.0
19.20000, 0.0
19.21000, 3.0
19.22000, 0.0
19.23000, 1.0
19.24000, 3.0
19.25000, 1.0
19.26000, 0.0
19.27000, 2.0
19.28000, 2.0
19.29000, 2.0
19.30000, 4.0
19.31000, 0.0
19.32000, 1.0
19.33000, 5.0
19.34000, 1.0
19.35000, 3.0
19.36000, 2.0
19.37000, 2.0
19.38000, 5.0
19.39000, 2.0
19.40000, 4.0
19.41000, 2.0
19.42000, 2.0
19.43000, 2.0
19.44000, 0.0
19.45000, 1.0
19.46000, 3.0
19.47000, 2.0
19.48000, 3.0
19.49000, 0.0
19.50000, 2.0
19.51000, 4.0
19.52000, 4.0
19.53000, 0.0
19.54000, 2.0
19.55000, 5.0
19.56000, 0.0
19.57000, 0.0
19.58000, 0.0
19.59000, 1.0
19.60000, 3.0
19.61000, 1.0
19.62000, 2.0
19.63000, 2.0
19.64000, 0.0
19.65000, 1.0
19.66000, 2.0
19.67000, 1.0
19.68000, 1.0
19.69000, 2.0
19.70000, 0.0
19.71000, 1.0
19.72000, 1.0
19.73000, 1.0
19.74000, 0.0
19.75000, 0.0
19.76000, 3.0
19.77000, 0.0
19.78000, 1.0
19.79000, 0.0
19.80000, 3.0
19.81000, 2.0
19.82000, 1.0
19.83000, 1.0
19.84000, 0.0
19.85000, 0.0
19.86000, 0.0
19.87000, 0.0
19.88000, 0.0
19.89000, 2.0
19.90000, 1.0
19.91000, 0.0
19.92000, 0.0
19.93000, 1.0
19.94000, 0.0
19.95000, 0.0
19.96000, 0.0
19.97000, 0.0
19.98000, 0.0
19.99000, 0.0
20.00000, 0.0
20.01000, 0.0
20.02000, 1.0
20.03000, 0.0
20.04000, 1.0
20.05000, 0.0
20.06000, 0.0
20.07000, 0.0
20.08000, 1.0
20.09000, 0.0
20.10000, 0.0
20.11000, 0.0
20.12000, 0.0
20.13000, 1.0
20.14000, 0.0
20.15000, 1.0
20.16000, 0.0
20.17000, 0.0
20.18000, 0.0
20.19000, 0.0
20.20000, 0.0
20.21000, 0.0
20.22000, 0.0
20.23000, 0.0
20.24000, 0.0
20.25000, 0.0
20.26000, 1.0
20.27000, 0.0
#ENDOFDATA   : 
