#FORMAT      : EMSA/MAS Spectral Data File
#VERSION     : 1.0
#TITLE       : Spectrum 2
#DATE        : 20-DEC-2021
#TIME        : 12:55
#OWNER       : 
#NPOINTS     : 2048.0
#NCOLUMNS    : 1.0
#XUNITS      : keV
#YUNITS      : counts
#DATATYPE    : XY
#XPERCHAN    : 0.01
#OFFSET      : -0.2
#SIGNALTYPE  : EDS
#CHOFFSET    : 20.0
#LIVETIME    : 40.0
#REALTIME    : 43.476322174
#BEAMKV      : 20.0
#MAGCAM      : 500.0
#XTILTSTGE   : 0.0
#AZIMANGLE   : 0.0
#ELEVANGLE   : 35.0
#XPOSITION mm: 3.4877
#YPOSITION mm: 7.7600
#ZPOSITION mm: 6.0000
##OXINSTPT   : 4
##OXINSTSTROB: 43.53
##OXINSTNDET : 1
##OXINSTELEMS: 6,25,26,14,24,8,23,16
##OXINSTLABEL: 6, 0.277, C
##OXINSTLABEL: 25, 5.899, Mn
##OXINSTLABEL: 25, 6.490, Mn
##OXINSTLABEL: 25, 0.636, Mn
##OXINSTLABEL: 25, 0.556, Mn
##OXINSTLABEL: 26, 6.404, Fe
##OXINSTLABEL: 26, 7.058, Fe
##OXINSTLABEL: 26, 0.703, Fe
##OXINSTLABEL: 26, 0.615, Fe
##OXINSTLABEL: 14, 1.740, Si
##OXINSTLABEL: 24, 5.415, Cr
##OXINSTLABEL: 24, 5.947, Cr
##OXINSTLABEL: 24, 0.573, Cr
##OXINSTLABEL: 24, 0.500, Cr
##OXINSTLABEL: 8, 0.525, O
##OXINSTLABEL: 23, 4.952, V
##OXINSTLABEL: 23, 5.427, V
##OXINSTLABEL: 23, 0.511, V
##OXINSTLABEL: 23, 0.446, V
##OXINSTLABEL: 16, 2.308, S
##OXINSTLABEL: 16, 2.464, S
#SPECTRUM    : Spectral Data Starts Here
-0.20000, 0.0
-0.19000, 0.0
-0.18000, 0.0
-0.17000, 0.0
-0.16000, 0.0
-0.15000, 0.0
-0.14000, 0.0
-0.13000, 0.0
-0.12000, 0.0
-0.11000, 0.0
-0.10000, 0.0
-0.09000, 0.0
-0.08000, 0.0
-0.07000, 0.0
-0.06000, 3.0
-0.05000, 9.0
-0.04000, 40.0
-0.03000, 137.0
-0.02000, 321.0
-0.01000, 683.0
0.00000, 1048.0
0.01000, 1337.0
0.02000, 1511.0
0.03000, 1611.0
0.04000, 1561.0
0.05000, 1276.0
0.06000, 878.0
0.07000, 557.0
0.08000, 354.0
0.09000, 258.0
0.10000, 255.0
0.11000, 217.0
0.12000, 175.0
0.13000, 190.0
0.14000, 197.0
0.15000, 216.0
0.16000, 221.0
0.17000, 216.0
0.18000, 216.0
0.19000, 239.0
0.20000, 262.0
0.21000, 311.0
0.22000, 382.0
0.23000, 594.0
0.24000, 836.0
0.25000, 1193.0
0.26000, 1555.0
0.27000, 1758.0
0.28000, 1664.0
0.29000, 1376.0
0.30000, 964.0
0.31000, 624.0
0.32000, 406.0
0.33000, 302.0
0.34000, 271.0
0.35000, 298.0
0.36000, 309.0
0.37000, 345.0
0.38000, 390.0
0.39000, 403.0
0.40000, 412.0
0.41000, 411.0
0.42000, 451.0
0.43000, 510.0
0.44000, 535.0
0.45000, 561.0
0.46000, 640.0
0.47000, 720.0
0.48000, 866.0
0.49000, 979.0
0.50000, 1204.0
0.51000, 1352.0
0.52000, 1534.0
0.53000, 1572.0
0.54000, 1463.0
0.55000, 1522.0
0.56000, 1592.0
0.57000, 1979.0
0.58000, 2857.0
0.59000, 3922.0
0.60000, 4973.0
0.61000, 5578.0
0.62000, 5842.0
0.63000, 5644.0
0.64000, 5159.0
0.65000, 5075.0
0.66000, 5800.0
0.67000, 7659.0
0.68000, 10309.0
0.69000, 12927.0
0.70000, 14647.0
0.71000, 14605.0
0.72000, 12701.0
0.73000, 9532.0
0.74000, 6428.0
0.75000, 3959.0
0.76000, 2150.0
0.77000, 1195.0
0.78000, 734.0
0.79000, 522.0
0.80000, 469.0
0.81000, 410.0
0.82000, 342.0
0.83000, 337.0
0.84000, 321.0
0.85000, 284.0
0.86000, 282.0
0.87000, 285.0
0.88000, 290.0
0.89000, 287.0
0.90000, 288.0
0.91000, 281.0
0.92000, 322.0
0.93000, 354.0
0.94000, 342.0
0.95000, 351.0
0.96000, 342.0
0.97000, 336.0
0.98000, 352.0
0.99000, 350.0
1.00000, 350.0
1.01000, 355.0
1.02000, 361.0
1.03000, 367.0
1.04000, 366.0
1.05000, 399.0
1.06000, 397.0
1.07000, 390.0
1.08000, 390.0
1.09000, 382.0
1.10000, 408.0
1.11000, 399.0
1.12000, 378.0
1.13000, 379.0
1.14000, 379.0
1.15000, 373.0
1.16000, 384.0
1.17000, 416.0
1.18000, 420.0
1.19000, 428.0
1.20000, 465.0
1.21000, 431.0
1.22000, 443.0
1.23000, 466.0
1.24000, 452.0
1.25000, 437.0
1.26000, 450.0
1.27000, 433.0
1.28000, 480.0
1.29000, 464.0
1.30000, 486.0
1.31000, 490.0
1.32000, 484.0
1.33000, 469.0
1.34000, 484.0
1.35000, 491.0
1.36000, 455.0
1.37000, 465.0
1.38000, 487.0
1.39000, 492.0
1.40000, 504.0
1.41000, 516.0
1.42000, 496.0
1.43000, 494.0
1.44000, 494.0
1.45000, 513.0
1.46000, 531.0
1.47000, 551.0
1.48000, 518.0
1.49000, 526.0
1.50000, 529.0
1.51000, 498.0
1.52000, 516.0
1.53000, 521.0
1.54000, 497.0
1.55000, 492.0
1.56000, 476.0
1.57000, 491.0
1.58000, 490.0
1.59000, 498.0
1.60000, 534.0
1.61000, 528.0
1.62000, 522.0
1.63000, 515.0
1.64000, 506.0
1.65000, 486.0
1.66000, 514.0
1.67000, 536.0
1.68000, 579.0
1.69000, 612.0
1.70000, 630.0
1.71000, 612.0
1.72000, 682.0
1.73000, 728.0
1.74000, 745.0
1.75000, 711.0
1.76000, 688.0
1.77000, 648.0
1.78000, 636.0
1.79000, 633.0
1.80000, 584.0
1.81000, 566.0
1.82000, 539.0
1.83000, 561.0
1.84000, 542.0
1.85000, 544.0
1.86000, 516.0
1.87000, 531.0
1.88000, 507.0
1.89000, 521.0
1.90000, 497.0
1.91000, 511.0
1.92000, 518.0
1.93000, 494.0
1.94000, 538.0
1.95000, 521.0
1.96000, 544.0
1.97000, 544.0
1.98000, 546.0
1.99000, 523.0
2.00000, 533.0
2.01000, 565.0
2.02000, 556.0
2.03000, 554.0
2.04000, 505.0
2.05000, 570.0
2.06000, 521.0
2.07000, 584.0
2.08000, 559.0
2.09000, 563.0
2.10000, 514.0
2.11000, 517.0
2.12000, 491.0
2.13000, 515.0
2.14000, 568.0
2.15000, 536.0
2.16000, 531.0
2.17000, 561.0
2.18000, 510.0
2.19000, 529.0
2.20000, 534.0
2.21000, 535.0
2.22000, 555.0
2.23000, 536.0
2.24000, 562.0
2.25000, 593.0
2.26000, 596.0
2.27000, 634.0
2.28000, 613.0
2.29000, 611.0
2.30000, 589.0
2.31000, 596.0
2.32000, 662.0
2.33000, 646.0
2.34000, 604.0
2.35000, 567.0
2.36000, 571.0
2.37000, 595.0
2.38000, 609.0
2.39000, 583.0
2.40000, 569.0
2.41000, 551.0
2.42000, 505.0
2.43000, 549.0
2.44000, 561.0
2.45000, 565.0
2.46000, 557.0
2.47000, 547.0
2.48000, 522.0
2.49000, 548.0
2.50000, 524.0
2.51000, 529.0
2.52000, 546.0
2.53000, 511.0
2.54000, 544.0
2.55000, 568.0
2.56000, 537.0
2.57000, 527.0
2.58000, 538.0
2.59000, 529.0
2.60000, 549.0
2.61000, 529.0
2.62000, 540.0
2.63000, 540.0
2.64000, 533.0
2.65000, 538.0
2.66000, 539.0
2.67000, 554.0
2.68000, 529.0
2.69000, 570.0
2.70000, 562.0
2.71000, 481.0
2.72000, 502.0
2.73000, 479.0
2.74000, 498.0
2.75000, 525.0
2.76000, 485.0
2.77000, 503.0
2.78000, 526.0
2.79000, 504.0
2.80000, 519.0
2.81000, 521.0
2.82000, 501.0
2.83000, 491.0
2.84000, 504.0
2.85000, 492.0
2.86000, 476.0
2.87000, 514.0
2.88000, 521.0
2.89000, 513.0
2.90000, 480.0
2.91000, 476.0
2.92000, 487.0
2.93000, 491.0
2.94000, 516.0
2.95000, 479.0
2.96000, 475.0
2.97000, 495.0
2.98000, 470.0
2.99000, 491.0
3.00000, 509.0
3.01000, 470.0
3.02000, 482.0
3.03000, 506.0
3.04000, 495.0
3.05000, 465.0
3.06000, 465.0
3.07000, 472.0
3.08000, 477.0
3.09000, 490.0
3.10000, 514.0
3.11000, 505.0
3.12000, 504.0
3.13000, 505.0
3.14000, 513.0
3.15000, 476.0
3.16000, 461.0
3.17000, 466.0
3.18000, 456.0
3.19000, 471.0
3.20000, 436.0
3.21000, 430.0
3.22000, 487.0
3.23000, 505.0
3.24000, 494.0
3.25000, 505.0
3.26000, 463.0
3.27000, 461.0
3.28000, 520.0
3.29000, 470.0
3.30000, 469.0
3.31000, 486.0
3.32000, 476.0
3.33000, 538.0
3.34000, 450.0
3.35000, 423.0
3.36000, 469.0
3.37000, 465.0
3.38000, 461.0
3.39000, 446.0
3.40000, 459.0
3.41000, 490.0
3.42000, 493.0
3.43000, 478.0
3.44000, 456.0
3.45000, 464.0
3.46000, 464.0
3.47000, 476.0
3.48000, 436.0
3.49000, 465.0
3.50000, 455.0
3.51000, 461.0
3.52000, 448.0
3.53000, 446.0
3.54000, 465.0
3.55000, 456.0
3.56000, 451.0
3.57000, 412.0
3.58000, 465.0
3.59000, 443.0
3.60000, 446.0
3.61000, 407.0
3.62000, 474.0
3.63000, 458.0
3.64000, 435.0
3.65000, 463.0
3.66000, 482.0
3.67000, 425.0
3.68000, 456.0
3.69000, 450.0
3.70000, 428.0
3.71000, 442.0
3.72000, 433.0
3.73000, 444.0
3.74000, 457.0
3.75000, 387.0
3.76000, 406.0
3.77000, 455.0
3.78000, 409.0
3.79000, 418.0
3.80000, 411.0
3.81000, 438.0
3.82000, 412.0
3.83000, 394.0
3.84000, 408.0
3.85000, 427.0
3.86000, 388.0
3.87000, 388.0
3.88000, 420.0
3.89000, 394.0
3.90000, 397.0
3.91000, 375.0
3.92000, 368.0
3.93000, 370.0
3.94000, 378.0
3.95000, 395.0
3.96000, 404.0
3.97000, 383.0
3.98000, 403.0
3.99000, 410.0
4.00000, 413.0
4.01000, 400.0
4.02000, 389.0
4.03000, 416.0
4.04000, 431.0
4.05000, 425.0
4.06000, 376.0
4.07000, 378.0
4.08000, 368.0
4.09000, 394.0
4.10000, 383.0
4.11000, 373.0
4.12000, 397.0
4.13000, 388.0
4.14000, 376.0
4.15000, 392.0
4.16000, 422.0
4.17000, 379.0
4.18000, 363.0
4.19000, 358.0
4.20000, 378.0
4.21000, 385.0
4.22000, 387.0
4.23000, 392.0
4.24000, 380.0
4.25000, 398.0
4.26000, 354.0
4.27000, 366.0
4.28000, 389.0
4.29000, 372.0
4.30000, 376.0
4.31000, 395.0
4.32000, 369.0
4.33000, 356.0
4.34000, 386.0
4.35000, 382.0
4.36000, 375.0
4.37000, 393.0
4.38000, 355.0
4.39000, 400.0
4.40000, 347.0
4.41000, 390.0
4.42000, 380.0
4.43000, 371.0
4.44000, 384.0
4.45000, 356.0
4.46000, 365.0
4.47000, 357.0
4.48000, 362.0
4.49000, 340.0
4.50000, 354.0
4.51000, 349.0
4.52000, 316.0
4.53000, 336.0
4.54000, 379.0
4.55000, 380.0
4.56000, 393.0
4.57000, 373.0
4.58000, 409.0
4.59000, 421.0
4.60000, 415.0
4.61000, 425.0
4.62000, 407.0
4.63000, 410.0
4.64000, 406.0
4.65000, 422.0
4.66000, 439.0
4.67000, 454.0
4.68000, 449.0
4.69000, 436.0
4.70000, 399.0
4.71000, 408.0
4.72000, 376.0
4.73000, 350.0
4.74000, 365.0
4.75000, 354.0
4.76000, 339.0
4.77000, 354.0
4.78000, 345.0
4.79000, 360.0
4.80000, 359.0
4.81000, 350.0
4.82000, 331.0
4.83000, 334.0
4.84000, 320.0
4.85000, 322.0
4.86000, 350.0
4.87000, 333.0
4.88000, 347.0
4.89000, 344.0
4.90000, 350.0
4.91000, 377.0
4.92000, 364.0
4.93000, 390.0
4.94000, 355.0
4.95000, 388.0
4.96000, 428.0
4.97000, 362.0
4.98000, 359.0
4.99000, 379.0
5.00000, 368.0
5.01000, 373.0
5.02000, 356.0
5.03000, 348.0
5.04000, 348.0
5.05000, 336.0
5.06000, 341.0
5.07000, 328.0
5.08000, 307.0
5.09000, 323.0
5.10000, 327.0
5.11000, 331.0
5.12000, 323.0
5.13000, 322.0
5.14000, 341.0
5.15000, 308.0
5.16000, 315.0
5.17000, 310.0
5.18000, 294.0
5.19000, 333.0
5.20000, 318.0
5.21000, 319.0
5.22000, 311.0
5.23000, 317.0
5.24000, 321.0
5.25000, 319.0
5.26000, 298.0
5.27000, 317.0
5.28000, 301.0
5.29000, 331.0
5.30000, 323.0
5.31000, 342.0
5.32000, 344.0
5.33000, 331.0
5.34000, 340.0
5.35000, 358.0
5.36000, 394.0
5.37000, 393.0
5.38000, 394.0
5.39000, 397.0
5.40000, 379.0
5.41000, 382.0
5.42000, 409.0
5.43000, 405.0
5.44000, 388.0
5.45000, 403.0
5.46000, 369.0
5.47000, 334.0
5.48000, 357.0
5.49000, 314.0
5.50000, 354.0
5.51000, 328.0
5.52000, 319.0
5.53000, 306.0
5.54000, 293.0
5.55000, 323.0
5.56000, 310.0
5.57000, 285.0
5.58000, 270.0
5.59000, 324.0
5.60000, 284.0
5.61000, 305.0
5.62000, 281.0
5.63000, 278.0
5.64000, 286.0
5.65000, 295.0
5.66000, 277.0
5.67000, 290.0
5.68000, 279.0
5.69000, 296.0
5.70000, 279.0
5.71000, 270.0
5.72000, 279.0
5.73000, 287.0
5.74000, 291.0
5.75000, 278.0
5.76000, 274.0
5.77000, 308.0
5.78000, 313.0
5.79000, 309.0
5.80000, 360.0
5.81000, 373.0
5.82000, 404.0
5.83000, 464.0
5.84000, 487.0
5.85000, 541.0
5.86000, 569.0
5.87000, 608.0
5.88000, 634.0
5.89000, 656.0
5.90000, 666.0
5.91000, 689.0
5.92000, 624.0
5.93000, 639.0
5.94000, 553.0
5.95000, 505.0
5.96000, 485.0
5.97000, 440.0
5.98000, 404.0
5.99000, 368.0
6.00000, 332.0
6.01000, 329.0
6.02000, 319.0
6.03000, 280.0
6.04000, 276.0
6.05000, 304.0
6.06000, 261.0
6.07000, 273.0
6.08000, 295.0
6.09000, 280.0
6.10000, 245.0
6.11000, 292.0
6.12000, 293.0
6.13000, 278.0
6.14000, 291.0
6.15000, 299.0
6.16000, 307.0
6.17000, 314.0
6.18000, 323.0
6.19000, 319.0
6.20000, 338.0
6.21000, 416.0
6.22000, 459.0
6.23000, 556.0
6.24000, 704.0
6.25000, 956.0
6.26000, 1349.0
6.27000, 1835.0
6.28000, 2609.0
6.29000, 3601.0
6.30000, 4836.0
6.31000, 6516.0
6.32000, 8383.0
6.33000, 10639.0
6.34000, 12900.0
6.35000, 15452.0
6.36000, 17626.0
6.37000, 19697.0
6.38000, 21419.0
6.39000, 22280.0
6.40000, 22621.0
6.41000, 22240.0
6.42000, 21122.0
6.43000, 19621.0
6.44000, 17602.0
6.45000, 15209.0
6.46000, 13025.0
6.47000, 10480.0
6.48000, 8336.0
6.49000, 6560.0
6.50000, 4937.0
6.51000, 3666.0
6.52000, 2674.0
6.53000, 1816.0
6.54000, 1271.0
6.55000, 944.0
6.56000, 692.0
6.57000, 484.0
6.58000, 400.0
6.59000, 371.0
6.60000, 328.0
6.61000, 320.0
6.62000, 305.0
6.63000, 291.0
6.64000, 258.0
6.65000, 253.0
6.66000, 259.0
6.67000, 244.0
6.68000, 250.0
6.69000, 243.0
6.70000, 254.0
6.71000, 262.0
6.72000, 276.0
6.73000, 257.0
6.74000, 281.0
6.75000, 257.0
6.76000, 249.0
6.77000, 258.0
6.78000, 282.0
6.79000, 288.0
6.80000, 263.0
6.81000, 239.0
6.82000, 249.0
6.83000, 281.0
6.84000, 257.0
6.85000, 279.0
6.86000, 303.0
6.87000, 309.0
6.88000, 332.0
6.89000, 346.0
6.90000, 376.0
6.91000, 447.0
6.92000, 518.0
6.93000, 566.0
6.94000, 739.0
6.95000, 916.0
6.96000, 1150.0
6.97000, 1372.0
6.98000, 1579.0
6.99000, 1821.0
7.00000, 2060.0
7.01000, 2402.0
7.02000, 2632.0
7.03000, 2780.0
7.04000, 2968.0
7.05000, 3057.0
7.06000, 2994.0
7.07000, 2950.0
7.08000, 2824.0
7.09000, 2547.0
7.10000, 2442.0
7.11000, 2058.0
7.12000, 1825.0
7.13000, 1478.0
7.14000, 1264.0
7.15000, 1030.0
7.16000, 788.0
7.17000, 609.0
7.18000, 478.0
7.19000, 390.0
7.20000, 304.0
7.21000, 250.0
7.22000, 212.0
7.23000, 184.0
7.24000, 169.0
7.25000, 154.0
7.26000, 167.0
7.27000, 157.0
7.28000, 143.0
7.29000, 139.0
7.30000, 133.0
7.31000, 138.0
7.32000, 144.0
7.33000, 137.0
7.34000, 134.0
7.35000, 138.0
7.36000, 138.0
7.37000, 145.0
7.38000, 143.0
7.39000, 145.0
7.40000, 135.0
7.41000, 136.0
7.42000, 142.0
7.43000, 157.0
7.44000, 160.0
7.45000, 164.0
7.46000, 161.0
7.47000, 159.0
7.48000, 139.0
7.49000, 159.0
7.50000, 155.0
7.51000, 149.0
7.52000, 153.0
7.53000, 147.0
7.54000, 138.0
7.55000, 130.0
7.56000, 136.0
7.57000, 141.0
7.58000, 119.0
7.59000, 147.0
7.60000, 135.0
7.61000, 145.0
7.62000, 133.0
7.63000, 136.0
7.64000, 119.0
7.65000, 140.0
7.66000, 127.0
7.67000, 157.0
7.68000, 118.0
7.69000, 140.0
7.70000, 138.0
7.71000, 142.0
7.72000, 147.0
7.73000, 132.0
7.74000, 152.0
7.75000, 142.0
7.76000, 123.0
7.77000, 132.0
7.78000, 135.0
7.79000, 134.0
7.80000, 120.0
7.81000, 142.0
7.82000, 150.0
7.83000, 137.0
7.84000, 124.0
7.85000, 135.0
7.86000, 139.0
7.87000, 134.0
7.88000, 139.0
7.89000, 126.0
7.90000, 131.0
7.91000, 136.0
7.92000, 145.0
7.93000, 142.0
7.94000, 155.0
7.95000, 141.0
7.96000, 148.0
7.97000, 155.0
7.98000, 146.0
7.99000, 149.0
8.00000, 132.0
8.01000, 147.0
8.02000, 153.0
8.03000, 174.0
8.04000, 168.0
8.05000, 162.0
8.06000, 157.0
8.07000, 148.0
8.08000, 172.0
8.09000, 167.0
8.10000, 154.0
8.11000, 134.0
8.12000, 130.0
8.13000, 144.0
8.14000, 151.0
8.15000, 141.0
8.16000, 136.0
8.17000, 123.0
8.18000, 131.0
8.19000, 128.0
8.20000, 133.0
8.21000, 137.0
8.22000, 122.0
8.23000, 143.0
8.24000, 129.0
8.25000, 133.0
8.26000, 142.0
8.27000, 127.0
8.28000, 131.0
8.29000, 128.0
8.30000, 122.0
8.31000, 114.0
8.32000, 112.0
8.33000, 134.0
8.34000, 145.0
8.35000, 116.0
8.36000, 129.0
8.37000, 130.0
8.38000, 123.0
8.39000, 134.0
8.40000, 123.0
8.41000, 112.0
8.42000, 131.0
8.43000, 123.0
8.44000, 136.0
8.45000, 125.0
8.46000, 121.0
8.47000, 117.0
8.48000, 144.0
8.49000, 125.0
8.50000, 124.0
8.51000, 105.0
8.52000, 118.0
8.53000, 115.0
8.54000, 104.0
8.55000, 102.0
8.56000, 130.0
8.57000, 116.0
8.58000, 126.0
8.59000, 122.0
8.60000, 114.0
8.61000, 115.0
8.62000, 134.0
8.63000, 122.0
8.64000, 116.0
8.65000, 115.0
8.66000, 118.0
8.67000, 122.0
8.68000, 134.0
8.69000, 107.0
8.70000, 115.0
8.71000, 122.0
8.72000, 125.0
8.73000, 120.0
8.74000, 115.0
8.75000, 127.0
8.76000, 126.0
8.77000, 114.0
8.78000, 109.0
8.79000, 116.0
8.80000, 133.0
8.81000, 104.0
8.82000, 113.0
8.83000, 132.0
8.84000, 123.0
8.85000, 118.0
8.86000, 105.0
8.87000, 112.0
8.88000, 113.0
8.89000, 117.0
8.90000, 123.0
8.91000, 126.0
8.92000, 122.0
8.93000, 132.0
8.94000, 132.0
8.95000, 127.0
8.96000, 122.0
8.97000, 121.0
8.98000, 126.0
8.99000, 117.0
9.00000, 120.0
9.01000, 114.0
9.02000, 111.0
9.03000, 118.0
9.04000, 122.0
9.05000, 111.0
9.06000, 118.0
9.07000, 118.0
9.08000, 129.0
9.09000, 109.0
9.10000, 137.0
9.11000, 131.0
9.12000, 116.0
9.13000, 123.0
9.14000, 113.0
9.15000, 108.0
9.16000, 114.0
9.17000, 111.0
9.18000, 110.0
9.19000, 117.0
9.20000, 120.0
9.21000, 111.0
9.22000, 120.0
9.23000, 112.0
9.24000, 95.0
9.25000, 93.0
9.26000, 105.0
9.27000, 99.0
9.28000, 119.0
9.29000, 119.0
9.30000, 121.0
9.31000, 113.0
9.32000, 128.0
9.33000, 111.0
9.34000, 102.0
9.35000, 98.0
9.36000, 103.0
9.37000, 99.0
9.38000, 119.0
9.39000, 111.0
9.40000, 114.0
9.41000, 99.0
9.42000, 117.0
9.43000, 117.0
9.44000, 112.0
9.45000, 111.0
9.46000, 85.0
9.47000, 102.0
9.48000, 99.0
9.49000, 110.0
9.50000, 115.0
9.51000, 101.0
9.52000, 105.0
9.53000, 104.0
9.54000, 103.0
9.55000, 82.0
9.56000, 96.0
9.57000, 120.0
9.58000, 114.0
9.59000, 102.0
9.60000, 98.0
9.61000, 97.0
9.62000, 104.0
9.63000, 111.0
9.64000, 89.0
9.65000, 115.0
9.66000, 96.0
9.67000, 103.0
9.68000, 95.0
9.69000, 88.0
9.70000, 103.0
9.71000, 100.0
9.72000, 95.0
9.73000, 106.0
9.74000, 114.0
9.75000, 100.0
9.76000, 102.0
9.77000, 108.0
9.78000, 105.0
9.79000, 110.0
9.80000, 111.0
9.81000, 92.0
9.82000, 110.0
9.83000, 103.0
9.84000, 100.0
9.85000, 91.0
9.86000, 106.0
9.87000, 100.0
9.88000, 102.0
9.89000, 104.0
9.90000, 111.0
9.91000, 107.0
9.92000, 86.0
9.93000, 95.0
9.94000, 89.0
9.95000, 95.0
9.96000, 97.0
9.97000, 107.0
9.98000, 106.0
9.99000, 91.0
10.00000, 106.0
10.01000, 99.0
10.02000, 79.0
10.03000, 104.0
10.04000, 100.0
10.05000, 108.0
10.06000, 102.0
10.07000, 100.0
10.08000, 100.0
10.09000, 106.0
10.10000, 94.0
10.11000, 105.0
10.12000, 98.0
10.13000, 102.0
10.14000, 92.0
10.15000, 84.0
10.16000, 90.0
10.17000, 91.0
10.18000, 86.0
10.19000, 102.0
10.20000, 109.0
10.21000, 93.0
10.22000, 83.0
10.23000, 106.0
10.24000, 95.0
10.25000, 93.0
10.26000, 92.0
10.27000, 83.0
10.28000, 88.0
10.29000, 79.0
10.30000, 80.0
10.31000, 89.0
10.32000, 88.0
10.33000, 78.0
10.34000, 107.0
10.35000, 84.0
10.36000, 94.0
10.37000, 92.0
10.38000, 108.0
10.39000, 91.0
10.40000, 86.0
10.41000, 93.0
10.42000, 98.0
10.43000, 101.0
10.44000, 96.0
10.45000, 90.0
10.46000, 85.0
10.47000, 97.0
10.48000, 87.0
10.49000, 87.0
10.50000, 74.0
10.51000, 74.0
10.52000, 97.0
10.53000, 80.0
10.54000, 96.0
10.55000, 96.0
10.56000, 99.0
10.57000, 69.0
10.58000, 89.0
10.59000, 89.0
10.60000, 93.0
10.61000, 87.0
10.62000, 93.0
10.63000, 84.0
10.64000, 93.0
10.65000, 87.0
10.66000, 91.0
10.67000, 91.0
10.68000, 88.0
10.69000, 82.0
10.70000, 73.0
10.71000, 68.0
10.72000, 74.0
10.73000, 102.0
10.74000, 85.0
10.75000, 78.0
10.76000, 92.0
10.77000, 81.0
10.78000, 86.0
10.79000, 92.0
10.80000, 69.0
10.81000, 82.0
10.82000, 80.0
10.83000, 87.0
10.84000, 87.0
10.85000, 78.0
10.86000, 77.0
10.87000, 80.0
10.88000, 89.0
10.89000, 78.0
10.90000, 84.0
10.91000, 77.0
10.92000, 87.0
10.93000, 85.0
10.94000, 71.0
10.95000, 77.0
10.96000, 88.0
10.97000, 78.0
10.98000, 89.0
10.99000, 91.0
11.00000, 85.0
11.01000, 79.0
11.02000, 71.0
11.03000, 82.0
11.04000, 89.0
11.05000, 79.0
11.06000, 83.0
11.07000, 71.0
11.08000, 90.0
11.09000, 87.0
11.10000, 88.0
11.11000, 69.0
11.12000, 67.0
11.13000, 74.0
11.14000, 65.0
11.15000, 74.0
11.16000, 65.0
11.17000, 75.0
11.18000, 82.0
11.19000, 93.0
11.20000, 74.0
11.21000, 95.0
11.22000, 76.0
11.23000, 75.0
11.24000, 72.0
11.25000, 73.0
11.26000, 76.0
11.27000, 91.0
11.28000, 79.0
11.29000, 57.0
11.30000, 82.0
11.31000, 65.0
11.32000, 80.0
11.33000, 74.0
11.34000, 80.0
11.35000, 88.0
11.36000, 86.0
11.37000, 71.0
11.38000, 87.0
11.39000, 75.0
11.40000, 76.0
11.41000, 75.0
11.42000, 83.0
11.43000, 72.0
11.44000, 53.0
11.45000, 70.0
11.46000, 68.0
11.47000, 73.0
11.48000, 66.0
11.49000, 68.0
11.50000, 66.0
11.51000, 66.0
11.52000, 58.0
11.53000, 57.0
11.54000, 71.0
11.55000, 74.0
11.56000, 66.0
11.57000, 77.0
11.58000, 80.0
11.59000, 67.0
11.60000, 72.0
11.61000, 75.0
11.62000, 82.0
11.63000, 70.0
11.64000, 71.0
11.65000, 63.0
11.66000, 76.0
11.67000, 69.0
11.68000, 76.0
11.69000, 90.0
11.70000, 65.0
11.71000, 55.0
11.72000, 70.0
11.73000, 65.0
11.74000, 75.0
11.75000, 72.0
11.76000, 85.0
11.77000, 61.0
11.78000, 73.0
11.79000, 68.0
11.80000, 74.0
11.81000, 58.0
11.82000, 60.0
11.83000, 66.0
11.84000, 59.0
11.85000, 85.0
11.86000, 61.0
11.87000, 76.0
11.88000, 51.0
11.89000, 70.0
11.90000, 62.0
11.91000, 60.0
11.92000, 65.0
11.93000, 75.0
11.94000, 75.0
11.95000, 67.0
11.96000, 69.0
11.97000, 75.0
11.98000, 68.0
11.99000, 68.0
12.00000, 54.0
12.01000, 62.0
12.02000, 67.0
12.03000, 65.0
12.04000, 58.0
12.05000, 69.0
12.06000, 67.0
12.07000, 54.0
12.08000, 51.0
12.09000, 67.0
12.10000, 65.0
12.11000, 53.0
12.12000, 61.0
12.13000, 69.0
12.14000, 67.0
12.15000, 55.0
12.16000, 55.0
12.17000, 53.0
12.18000, 67.0
12.19000, 71.0
12.20000, 62.0
12.21000, 67.0
12.22000, 54.0
12.23000, 75.0
12.24000, 69.0
12.25000, 66.0
12.26000, 55.0
12.27000, 56.0
12.28000, 53.0
12.29000, 50.0
12.30000, 69.0
12.31000, 55.0
12.32000, 59.0
12.33000, 56.0
12.34000, 59.0
12.35000, 49.0
12.36000, 56.0
12.37000, 60.0
12.38000, 56.0
12.39000, 76.0
12.40000, 66.0
12.41000, 50.0
12.42000, 58.0
12.43000, 71.0
12.44000, 63.0
12.45000, 52.0
12.46000, 62.0
12.47000, 65.0
12.48000, 53.0
12.49000, 62.0
12.50000, 50.0
12.51000, 55.0
12.52000, 44.0
12.53000, 58.0
12.54000, 69.0
12.55000, 58.0
12.56000, 51.0
12.57000, 52.0
12.58000, 44.0
12.59000, 50.0
12.60000, 54.0
12.61000, 50.0
12.62000, 61.0
12.63000, 71.0
12.64000, 56.0
12.65000, 65.0
12.66000, 62.0
12.67000, 83.0
12.68000, 58.0
12.69000, 58.0
12.70000, 82.0
12.71000, 72.0
12.72000, 68.0
12.73000, 63.0
12.74000, 78.0
12.75000, 73.0
12.76000, 61.0
12.77000, 77.0
12.78000, 93.0
12.79000, 90.0
12.80000, 93.0
12.81000, 97.0
12.82000, 95.0
12.83000, 105.0
12.84000, 83.0
12.85000, 94.0
12.86000, 85.0
12.87000, 89.0
12.88000, 75.0
12.89000, 78.0
12.90000, 65.0
12.91000, 77.0
12.92000, 47.0
12.93000, 60.0
12.94000, 55.0
12.95000, 44.0
12.96000, 55.0
12.97000, 61.0
12.98000, 57.0
12.99000, 48.0
13.00000, 40.0
13.01000, 50.0
13.02000, 44.0
13.03000, 57.0
13.04000, 51.0
13.05000, 52.0
13.06000, 56.0
13.07000, 43.0
13.08000, 41.0
13.09000, 49.0
13.10000, 44.0
13.11000, 51.0
13.12000, 60.0
13.13000, 39.0
13.14000, 45.0
13.15000, 46.0
13.16000, 40.0
13.17000, 47.0
13.18000, 53.0
13.19000, 50.0
13.20000, 52.0
13.21000, 43.0
13.22000, 52.0
13.23000, 53.0
13.24000, 40.0
13.25000, 53.0
13.26000, 49.0
13.27000, 64.0
13.28000, 47.0
13.29000, 50.0
13.30000, 58.0
13.31000, 52.0
13.32000, 35.0
13.33000, 38.0
13.34000, 50.0
13.35000, 53.0
13.36000, 42.0
13.37000, 53.0
13.38000, 53.0
13.39000, 44.0
13.40000, 61.0
13.41000, 61.0
13.42000, 61.0
13.43000, 59.0
13.44000, 45.0
13.45000, 63.0
13.46000, 47.0
13.47000, 52.0
13.48000, 62.0
13.49000, 65.0
13.50000, 54.0
13.51000, 44.0
13.52000, 62.0
13.53000, 49.0
13.54000, 51.0
13.55000, 51.0
13.56000, 53.0
13.57000, 34.0
13.58000, 40.0
13.59000, 49.0
13.60000, 53.0
13.61000, 42.0
13.62000, 35.0
13.63000, 46.0
13.64000, 34.0
13.65000, 46.0
13.66000, 46.0
13.67000, 31.0
13.68000, 47.0
13.69000, 46.0
13.70000, 36.0
13.71000, 37.0
13.72000, 41.0
13.73000, 44.0
13.74000, 55.0
13.75000, 49.0
13.76000, 43.0
13.77000, 29.0
13.78000, 36.0
13.79000, 48.0
13.80000, 48.0
13.81000, 41.0
13.82000, 43.0
13.83000, 44.0
13.84000, 36.0
13.85000, 39.0
13.86000, 37.0
13.87000, 33.0
13.88000, 41.0
13.89000, 34.0
13.90000, 58.0
13.91000, 49.0
13.92000, 40.0
13.93000, 39.0
13.94000, 48.0
13.95000, 31.0
13.96000, 45.0
13.97000, 35.0
13.98000, 46.0
13.99000, 34.0
14.00000, 39.0
14.01000, 42.0
14.02000, 36.0
14.03000, 32.0
14.04000, 38.0
14.05000, 37.0
14.06000, 34.0
14.07000, 42.0
14.08000, 39.0
14.09000, 34.0
14.10000, 29.0
14.11000, 30.0
14.12000, 46.0
14.13000, 29.0
14.14000, 38.0
14.15000, 37.0
14.16000, 30.0
14.17000, 32.0
14.18000, 39.0
14.19000, 33.0
14.20000, 32.0
14.21000, 42.0
14.22000, 34.0
14.23000, 37.0
14.24000, 26.0
14.25000, 38.0
14.26000, 29.0
14.27000, 40.0
14.28000, 40.0
14.29000, 38.0
14.30000, 30.0
14.31000, 26.0
14.32000, 33.0
14.33000, 24.0
14.34000, 31.0
14.35000, 35.0
14.36000, 30.0
14.37000, 35.0
14.38000, 45.0
14.39000, 30.0
14.40000, 32.0
14.41000, 34.0
14.42000, 31.0
14.43000, 24.0
14.44000, 39.0
14.45000, 34.0
14.46000, 34.0
14.47000, 31.0
14.48000, 35.0
14.49000, 31.0
14.50000, 27.0
14.51000, 27.0
14.52000, 33.0
14.53000, 21.0
14.54000, 27.0
14.55000, 40.0
14.56000, 19.0
14.57000, 30.0
14.58000, 40.0
14.59000, 24.0
14.60000, 33.0
14.61000, 39.0
14.62000, 28.0
14.63000, 41.0
14.64000, 32.0
14.65000, 27.0
14.66000, 31.0
14.67000, 23.0
14.68000, 30.0
14.69000, 21.0
14.70000, 28.0
14.71000, 19.0
14.72000, 29.0
14.73000, 27.0
14.74000, 25.0
14.75000, 26.0
14.76000, 33.0
14.77000, 24.0
14.78000, 30.0
14.79000, 30.0
14.80000, 32.0
14.81000, 31.0
14.82000, 28.0
14.83000, 27.0
14.84000, 29.0
14.85000, 27.0
14.86000, 32.0
14.87000, 27.0
14.88000, 29.0
14.89000, 31.0
14.90000, 29.0
14.91000, 39.0
14.92000, 29.0
14.93000, 23.0
14.94000, 32.0
14.95000, 35.0
14.96000, 22.0
14.97000, 23.0
14.98000, 22.0
14.99000, 42.0
15.00000, 27.0
15.01000, 31.0
15.02000, 24.0
15.03000, 23.0
15.04000, 21.0
15.05000, 29.0
15.06000, 21.0
15.07000, 24.0
15.08000, 34.0
15.09000, 30.0
15.10000, 24.0
15.11000, 20.0
15.12000, 29.0
15.13000, 28.0
15.14000, 31.0
15.15000, 34.0
15.16000, 21.0
15.17000, 21.0
15.18000, 29.0
15.19000, 29.0
15.20000, 24.0
15.21000, 23.0
15.22000, 20.0
15.23000, 25.0
15.24000, 24.0
15.25000, 22.0
15.26000, 31.0
15.27000, 37.0
15.28000, 24.0
15.29000, 33.0
15.30000, 22.0
15.31000, 25.0
15.32000, 24.0
15.33000, 27.0
15.34000, 21.0
15.35000, 23.0
15.36000, 33.0
15.37000, 26.0
15.38000, 24.0
15.39000, 26.0
15.40000, 23.0
15.41000, 19.0
15.42000, 20.0
15.43000, 18.0
15.44000, 31.0
15.45000, 23.0
15.46000, 27.0
15.47000, 22.0
15.48000, 23.0
15.49000, 23.0
15.50000, 39.0
15.51000, 16.0
15.52000, 15.0
15.53000, 16.0
15.54000, 22.0
15.55000, 28.0
15.56000, 19.0
15.57000, 29.0
15.58000, 18.0
15.59000, 23.0
15.60000, 24.0
15.61000, 13.0
15.62000, 28.0
15.63000, 21.0
15.64000, 12.0
15.65000, 24.0
15.66000, 19.0
15.67000, 26.0
15.68000, 24.0
15.69000, 22.0
15.70000, 18.0
15.71000, 20.0
15.72000, 18.0
15.73000, 16.0
15.74000, 28.0
15.75000, 23.0
15.76000, 22.0
15.77000, 30.0
15.78000, 17.0
15.79000, 17.0
15.80000, 23.0
15.81000, 24.0
15.82000, 19.0
15.83000, 19.0
15.84000, 29.0
15.85000, 23.0
15.86000, 28.0
15.87000, 22.0
15.88000, 22.0
15.89000, 20.0
15.90000, 13.0
15.91000, 22.0
15.92000, 15.0
15.93000, 19.0
15.94000, 18.0
15.95000, 18.0
15.96000, 20.0
15.97000, 15.0
15.98000, 21.0
15.99000, 13.0
16.00000, 22.0
16.01000, 17.0
16.02000, 21.0
16.03000, 18.0
16.04000, 18.0
16.05000, 13.0
16.06000, 12.0
16.07000, 20.0
16.08000, 14.0
16.09000, 13.0
16.10000, 22.0
16.11000, 17.0
16.12000, 21.0
16.13000, 14.0
16.14000, 16.0
16.15000, 13.0
16.16000, 24.0
16.17000, 11.0
16.18000, 18.0
16.19000, 15.0
16.20000, 21.0
16.21000, 19.0
16.22000, 15.0
16.23000, 12.0
16.24000, 9.0
16.25000, 14.0
16.26000, 18.0
16.27000, 19.0
16.28000, 19.0
16.29000, 24.0
16.30000, 21.0
16.31000, 16.0
16.32000, 16.0
16.33000, 13.0
16.34000, 19.0
16.35000, 19.0
16.36000, 17.0
16.37000, 21.0
16.38000, 13.0
16.39000, 11.0
16.40000, 16.0
16.41000, 10.0
16.42000, 14.0
16.43000, 10.0
16.44000, 16.0
16.45000, 19.0
16.46000, 16.0
16.47000, 13.0
16.48000, 16.0
16.49000, 14.0
16.50000, 22.0
16.51000, 15.0
16.52000, 17.0
16.53000, 16.0
16.54000, 10.0
16.55000, 19.0
16.56000, 16.0
16.57000, 16.0
16.58000, 13.0
16.59000, 22.0
16.60000, 11.0
16.61000, 18.0
16.62000, 14.0
16.63000, 15.0
16.64000, 20.0
16.65000, 14.0
16.66000, 9.0
16.67000, 15.0
16.68000, 18.0
16.69000, 10.0
16.70000, 11.0
16.71000, 15.0
16.72000, 11.0
16.73000, 11.0
16.74000, 11.0
16.75000, 9.0
16.76000, 9.0
16.77000, 8.0
16.78000, 16.0
16.79000, 9.0
16.80000, 11.0
16.81000, 10.0
16.82000, 8.0
16.83000, 14.0
16.84000, 9.0
16.85000, 13.0
16.86000, 16.0
16.87000, 7.0
16.88000, 12.0
16.89000, 14.0
16.90000, 12.0
16.91000, 11.0
16.92000, 10.0
16.93000, 20.0
16.94000, 10.0
16.95000, 13.0
16.96000, 11.0
16.97000, 13.0
16.98000, 12.0
16.99000, 12.0
17.00000, 9.0
17.01000, 11.0
17.02000, 12.0
17.03000, 9.0
17.04000, 12.0
17.05000, 11.0
17.06000, 12.0
17.07000, 6.0
17.08000, 13.0
17.09000, 14.0
17.10000, 12.0
17.11000, 9.0
17.12000, 8.0
17.13000, 13.0
17.14000, 9.0
17.15000, 9.0
17.16000, 9.0
17.17000, 7.0
17.18000, 11.0
17.19000, 14.0
17.20000, 9.0
17.21000, 14.0
17.22000, 15.0
17.23000, 10.0
17.24000, 7.0
17.25000, 10.0
17.26000, 11.0
17.27000, 14.0
17.28000, 12.0
17.29000, 6.0
17.30000, 9.0
17.31000, 8.0
17.32000, 13.0
17.33000, 10.0
17.34000, 11.0
17.35000, 9.0
17.36000, 8.0
17.37000, 11.0
17.38000, 9.0
17.39000, 11.0
17.40000, 9.0
17.41000, 13.0
17.42000, 9.0
17.43000, 11.0
17.44000, 11.0
17.45000, 7.0
17.46000, 9.0
17.47000, 3.0
17.48000, 8.0
17.49000, 13.0
17.50000, 9.0
17.51000, 6.0
17.52000, 4.0
17.53000, 10.0
17.54000, 7.0
17.55000, 10.0
17.56000, 10.0
17.57000, 7.0
17.58000, 10.0
17.59000, 16.0
17.60000, 6.0
17.61000, 12.0
17.62000, 9.0
17.63000, 8.0
17.64000, 13.0
17.65000, 12.0
17.66000, 9.0
17.67000, 10.0
17.68000, 8.0
17.69000, 8.0
17.70000, 8.0
17.71000, 8.0
17.72000, 8.0
17.73000, 10.0
17.74000, 5.0
17.75000, 9.0
17.76000, 5.0
17.77000, 9.0
17.78000, 5.0
17.79000, 5.0
17.80000, 5.0
17.81000, 9.0
17.82000, 9.0
17.83000, 7.0
17.84000, 7.0
17.85000, 11.0
17.86000, 6.0
17.87000, 1.0
17.88000, 5.0
17.89000, 12.0
17.90000, 4.0
17.91000, 10.0
17.92000, 9.0
17.93000, 4.0
17.94000, 11.0
17.95000, 10.0
17.96000, 8.0
17.97000, 8.0
17.98000, 12.0
17.99000, 5.0
18.00000, 9.0
18.01000, 5.0
18.02000, 10.0
18.03000, 5.0
18.04000, 6.0
18.05000, 8.0
18.06000, 8.0
18.07000, 5.0
18.08000, 9.0
18.09000, 5.0
18.10000, 7.0
18.11000, 7.0
18.12000, 6.0
18.13000, 12.0
18.14000, 2.0
18.15000, 6.0
18.16000, 8.0
18.17000, 8.0
18.18000, 4.0
18.19000, 1.0
18.20000, 4.0
18.21000, 3.0
18.22000, 7.0
18.23000, 2.0
18.24000, 4.0
18.25000, 10.0
18.26000, 7.0
18.27000, 8.0
18.28000, 5.0
18.29000, 4.0
18.30000, 0.0
18.31000, 6.0
18.32000, 2.0
18.33000, 11.0
18.34000, 9.0
18.35000, 7.0
18.36000, 6.0
18.37000, 2.0
18.38000, 11.0
18.39000, 5.0
18.40000, 4.0
18.41000, 7.0
18.42000, 5.0
18.43000, 3.0
18.44000, 7.0
18.45000, 3.0
18.46000, 4.0
18.47000, 4.0
18.48000, 3.0
18.49000, 4.0
18.50000, 4.0
18.51000, 6.0
18.52000, 6.0
18.53000, 5.0
18.54000, 8.0
18.55000, 9.0
18.56000, 4.0
18.57000, 3.0
18.58000, 7.0
18.59000, 3.0
18.60000, 6.0
18.61000, 5.0
18.62000, 3.0
18.63000, 8.0
18.64000, 5.0
18.65000, 5.0
18.66000, 5.0
18.67000, 4.0
18.68000, 6.0
18.69000, 3.0
18.70000, 4.0
18.71000, 1.0
18.72000, 8.0
18.73000, 6.0
18.74000, 4.0
18.75000, 4.0
18.76000, 5.0
18.77000, 5.0
18.78000, 8.0
18.79000, 2.0
18.80000, 5.0
18.81000, 4.0
18.82000, 4.0
18.83000, 6.0
18.84000, 3.0
18.85000, 1.0
18.86000, 5.0
18.87000, 3.0
18.88000, 3.0
18.89000, 1.0
18.90000, 3.0
18.91000, 6.0
18.92000, 3.0
18.93000, 2.0
18.94000, 7.0
18.95000, 3.0
18.96000, 5.0
18.97000, 3.0
18.98000, 5.0
18.99000, 4.0
19.00000, 1.0
19.01000, 3.0
19.02000, 3.0
19.03000, 4.0
19.04000, 2.0
19.05000, 3.0
19.06000, 3.0
19.07000, 1.0
19.08000, 2.0
19.09000, 4.0
19.10000, 3.0
19.11000, 5.0
19.12000, 3.0
19.13000, 3.0
19.14000, 4.0
19.15000, 5.0
19.16000, 4.0
19.17000, 2.0
19.18000, 3.0
19.19000, 1.0
19.20000, 2.0
19.21000, 3.0
19.22000, 3.0
19.23000, 2.0
19.24000, 2.0
19.25000, 5.0
19.26000, 1.0
19.27000, 1.0
19.28000, 2.0
19.29000, 2.0
19.30000, 5.0
19.31000, 2.0
19.32000, 2.0
19.33000, 4.0
19.34000, 4.0
19.35000, 2.0
19.36000, 0.0
19.37000, 1.0
19.38000, 1.0
19.39000, 1.0
19.40000, 3.0
19.41000, 1.0
19.42000, 2.0
19.43000, 3.0
19.44000, 6.0
19.45000, 2.0
19.46000, 2.0
19.47000, 1.0
19.48000, 2.0
19.49000, 3.0
19.50000, 2.0
19.51000, 2.0
19.52000, 0.0
19.53000, 2.0
19.54000, 5.0
19.55000, 3.0
19.56000, 1.0
19.57000, 0.0
19.58000, 2.0
19.59000, 0.0
19.60000, 1.0
19.61000, 0.0
19.62000, 1.0
19.63000, 1.0
19.64000, 2.0
19.65000, 1.0
19.66000, 1.0
19.67000, 2.0
19.68000, 2.0
19.69000, 2.0
19.70000, 0.0
19.71000, 0.0
19.72000, 3.0
19.73000, 1.0
19.74000, 2.0
19.75000, 0.0
19.76000, 1.0
19.77000, 0.0
19.78000, 1.0
19.79000, 2.0
19.80000, 2.0
19.81000, 2.0
19.82000, 1.0
19.83000, 1.0
19.84000, 1.0
19.85000, 0.0
19.86000, 3.0
19.87000, 1.0
19.88000, 1.0
19.89000, 1.0
19.90000, 1.0
19.91000, 2.0
19.92000, 0.0
19.93000, 0.0
19.94000, 0.0
19.95000, 1.0
19.96000, 0.0
19.97000, 0.0
19.98000, 0.0
19.99000, 0.0
20.00000, 2.0
20.01000, 2.0
20.02000, 0.0
20.03000, 0.0
20.04000, 0.0
20.05000, 0.0
20.06000, 2.0
20.07000, 1.0
20.08000, 0.0
20.09000, 1.0
20.10000, 0.0
20.11000, 0.0
20.12000, 1.0
20.13000, 0.0
20.14000, 1.0
20.15000, 0.0
20.16000, 1.0
20.17000, 0.0
20.18000, 0.0
20.19000, 0.0
20.20000, 0.0
20.21000, 0.0
20.22000, 0.0
20.23000, 0.0
20.24000, 0.0
20.25000, 0.0
20.26000, 0.0
20.27000, 0.0
#ENDOFDATA   : 
