MTS793|BTW|ENU|1|0|.|/|:|1|0|0|A

Data Header:                                                Time:     397.49658 Sec       3/3/2022 5:20:28 PM
Data Acquisition: Timed
Station Name: ftse.cfg
Test File Name: Default.tst
Time      Ch Disp.  Ch Force
Sec       in        kip
0.609375  -1.195187 -3.451412
1.109375  -1.1935183 -3.3877268
1.609375  -1.1918554 -3.3342807
2.109375  -1.1901574 -3.3053172
2.609375  -1.1885014 -3.2532582
3.109375  -1.1868358 -3.1927736
3.609375  -1.1851352 -3.1470356
4.109375  -1.1835145 -3.1245849
4.609375  -1.1818041 -3.067765
5.109375  -1.1801709 -2.9985025
5.609375  -1.1784887 -2.9583151
6.109375  -1.1768802 -2.9288654
6.609375  -1.1751522 -2.8697262
7.109375  -1.1734864 -2.807704
7.609375  -1.1718105 -2.770539
8.109375  -1.1701347 -2.744823
8.609375  -1.1684705 -2.6904988
9.109375  -1.1668117 -2.6232841
9.609375  -1.1651379 -2.5862863
10.109375 -1.1635137 -2.5594537
10.609375 -1.1618165 -2.5083466
11.109375 -1.1601502 -2.4396577
11.609375 -1.1584892 -2.3940554
12.109375 -1.1568362 -2.3715637
12.609375 -1.1552074 -2.3300853
13.109375 -1.1534717 -2.2641938
13.609375 -1.1518654 -2.2018085
14.109375 -1.1501893 -2.1730883
14.609375 -1.1485028 -2.134377
15.109375 -1.1468459 -2.070694
15.609375 -1.1451228 -2.0187035
16.109375 -1.1434956 -1.9824528
16.609375 -1.1418144 -1.9520897
17.109375 -1.140159 -1.904161
17.609375 -1.1384875 -1.8374774
18.109375 -1.136822 -1.7949454
18.609375 -1.1351402 -1.7654701
19.109375 -1.1334932 -1.7242632
19.609375 -1.1317798 -1.6651155
20.109375 -1.1301576 -1.6081522
20.609375 -1.1284467 -1.5709077
21.109375 -1.1268233 -1.5396783
21.609375 -1.1251552 -1.4988631
22.109375 -1.1234987 -1.4317443
22.609375 -1.1218137 -1.3779379
23.109375 -1.1201413 -1.3410628
23.609375 -1.118499 -1.3132535
24.109375 -1.1168021 -1.2651857
24.609375 -1.115114 -1.2042166
25.109375 -1.1134748 -1.1537718
25.609375 -1.1118195 -1.1221522
26.109375 -1.1101782 -1.094794
26.609375 -1.1085174 -1.0458192
27.109375 -1.1068   -0.98796356
27.609375 -1.1051469 -0.94665933
28.109375 -1.1034926 -0.91446787
28.609375 -1.1017994 -0.87859881
29.109375 -1.1001461 -0.82561523
29.609375 -1.0984565 -0.77112764
30.109375 -1.0968231 -0.73718971
30.609375 -1.0951232 -0.71412218
31.109375 -1.0934632 -0.66815042
31.609375 -1.0917852 -0.60349381
32.109375 -1.0901314 -0.56793308
32.609375 -1.0884683 -0.54555368
33.109375 -1.0867778 -0.5015617
33.609375 -1.085119 -0.4406276
34.109375 -1.0834634 -0.40554717
34.609375 -1.0818   -0.38468829
35.109375 -1.0801415 -0.34493139
35.609375 -1.0784713 -0.28820381
36.109375 -1.0767938 -0.2590431
36.609375 -1.0750993 -0.23234786
37.109375 -1.0734729 -0.18769374
37.609375 -1.0718324 -0.13572566
38.109375 -1.070166 -0.11363234
38.609375 -1.0684918 -0.092501812
39.109375 -1.0667826 -0.03944809
39.609375 -1.0651854 0.0017444382
40.109375 -1.0635048 0.023783648
40.609375 -1.0618235 0.051680282
41.109375 -1.0601126 0.10687497
41.609375 -1.0584412 0.1571869
42.109375 -1.0568004 0.16923441
42.609375 -1.0551481 0.19397989
43.109375 -1.0534385 0.24126482
43.609375 -1.0517628 0.28366706
44.109375 -1.0501329 0.30834162
44.609375 -1.0484439 0.32513785
45.109375 -1.046818 0.36920771
45.609375 -1.045109 0.41764536
46.109375 -1.0434561 0.44126254
46.609375 -1.0418128 0.45548019
47.109375 -1.0400937 0.48515588
47.609375 -1.0384314 0.52521092
48.109375 -1.0367788 0.56978178
48.609375 -1.0351223 0.58485585
49.109375 -1.033417 0.60270381
49.609375 -1.031768 0.64092988
50.109375 -1.0300885 0.68229443
50.609375 -1.0284743 0.71313763
51.109375 -1.0267828 0.72465694
51.609375 -1.0251476 0.74262983
52.109375 -1.0234323 0.78316528
52.609375 -1.0218176 0.82434374
53.109375 -1.0201375 0.84256643
53.609375 -1.0184631 0.84972578
54.109375 -1.0167834 0.88131738
54.609375 -1.0151191 0.92647332
55.109375 -1.0134864 0.96102709
55.609375 -1.0118222 0.97533059
56.109375 -1.0100876 0.98498642
56.609375 -1.0084573 1.0158552
57.109375 -1.0067533 1.0545864
57.609375 -1.0051007 1.0810293
58.109375 -1.0034528 1.0985157
58.609375 -1.001785 1.1066647
59.109375 -1.0001485 1.1318693
59.609375 -0.99843889 1.1784246
60.109375 -0.99677926 1.2040058
60.609375 -0.99511546 1.2121964
61.109375 -0.99346834 1.2202253
61.609375 -0.99178028 1.2538717
62.109375 -0.99012786 1.2911562
62.609375 -0.98845518 1.3095597
63.109375 -0.9867633 1.3119634
63.609375 -0.98509347 1.3311007
64.109375 -0.98344088 1.3690485
64.609375 -0.9817819 1.3996006
65.109375 -0.98010355 1.4087576
65.609375 -0.97844416 1.4182724
66.109375 -0.97680992 1.4381207
66.609375 -0.9751575 1.4769167
67.109375 -0.97347003 1.4926174
67.609375 -0.97179788 1.4991761
68.109375 -0.97008049 1.5114639
68.609375 -0.96849263 1.5456537
69.109375 -0.96679503 1.5758988
69.609375 -0.96511483 1.5856383
70.109375 -0.96343225 1.5861003
70.609375 -0.96177363 1.6064287
71.109375 -0.96009928 1.640632
71.609375 -0.95845747 1.6657194
72.109375 -0.95677376 1.6729225
72.609375 -0.95510358 1.67607
73.109375 -0.95343816 1.6976486
73.609375 -0.95174849 1.7368264
74.109375 -0.95011866 1.7602209
74.609375 -0.94842654 1.7672575
75.109375 -0.94678533 1.7647762
75.609375 -0.94508201 1.7818143
76.109375 -0.94343829 1.8171691
76.609375 -0.94178867 1.8391761
77.109375 -0.9401027 1.8434931
77.609375 -0.93844062 1.8486191
78.109375 -0.93675953 1.867029
78.609375 -0.93514287 1.8957959
79.109375 -0.93344969 1.9264179
79.609375 -0.93176705 1.9257381
80.109375 -0.93009752 1.9259548
80.609375 -0.9284777 1.9470525
81.109375 -0.9268055 1.9759737
81.609375 -0.92510837 1.991356
82.109375 -0.92345822 1.992177
82.609375 -0.92178255 1.9955573
83.109375 -0.92010039 2.0241599
83.609375 -0.91844183 2.0538776
84.109375 -0.91676819 2.0658636
84.609375 -0.91509962 2.0606637
85.109375 -0.9134174 2.0735197
85.609375 -0.91175395 2.102561
86.109375 -0.91008157 2.1244226
86.609375 -0.90843147 2.1248529
87.109375 -0.90673757 2.1283007
87.609375 -0.90507168 2.1500425
88.109375 -0.90342122 2.1817389
88.609375 -0.90172893 2.1850433
89.109375 -0.90007979 2.1822014
89.609375 -0.89843959 2.1979849
90.109375 -0.8968038 2.2261097
90.609375 -0.89510256 2.2325506
91.109375 -0.89344138 2.2285175
91.609375 -0.8917557 2.254154
92.109375 -0.89011103 2.2817833
92.609375 -0.88846952 2.2790387
93.109375 -0.8867529 2.2790658
93.609375 -0.88510984 2.3152821
94.109375 -0.88345379 2.3251302
94.609375 -0.88177198 2.3158171
95.109375 -0.88008082 2.3407736
95.609375 -0.8784588 2.3649321
96.109375 -0.87677759 2.3554111
96.609375 -0.87509549 2.3705888
97.109375 -0.87343454 2.4009714
97.609375 -0.87174886 2.3925006
98.109375 -0.87013626 2.4023039
98.609375 -0.86839974 2.4361105
99.109375 -0.86674494 2.4339561
99.609375 -0.86507362 2.4321263
100.10938 -0.86344224 2.4668322
100.60938 -0.86174595 2.468369
101.10938 -0.86006349 2.4670577
101.60938 -0.85839295 2.5078967
102.10938 -0.85674775 2.5114377
102.60938 -0.85509062 2.4987822
103.10938 -0.85343009 2.5355155
103.60938 -0.85176331 2.5454364
104.10938 -0.85009682 2.5350792
104.60938 -0.84843743 2.5668144
105.10938 -0.84677994 2.5815611
105.60938 -0.84509593 2.570946
106.10938 -0.84345323 2.5916333
106.60938 -0.84176558 2.6135843
107.10938 -0.84010547 2.5994225
107.60938 -0.83847547 2.6213014
108.10938 -0.83674383 2.6458726
108.60938 -0.83508581 2.640214
109.10938 -0.83339453 2.6401563
109.60938 -0.83174527 2.6733599
110.10938 -0.83007205 2.6718924
110.60938 -0.82845116 2.6705709
111.10938 -0.82675898 2.708632
111.60938 -0.82509357 2.7136004
112.10938 -0.82344776 2.7045119
112.60938 -0.82173777 2.7258961
113.10938 -0.82006562 2.7435877
113.60938 -0.81836665 2.7334034
114.10938 -0.81671667 2.7518876
114.60938 -0.81506956 2.7793255
115.10938 -0.8134107 2.7684259
115.60938 -0.81175923 2.7714529
116.10938 -0.81006944 2.8037753
116.60938 -0.80838513 2.8013077
117.10938 -0.80675381 2.7970867
117.60938 -0.80505776 2.8328729
118.10938 -0.80344462 2.8349142
118.60938 -0.80174714 2.8260324
119.10938 -0.80012631 2.8536816
119.60938 -0.79843706 2.8647585
120.10938 -0.7967838 2.8527696
120.60938 -0.79513752 2.8764386
121.10938 -0.79342002 2.8994422
121.60938 -0.79176307 2.887506
122.10938 -0.79006773 2.8961666
122.60938 -0.78838956 2.9232373
123.10938 -0.7867583 2.9205461
123.60938 -0.78508437 2.9235873
124.10938 -0.78342086 2.9556329
124.60938 -0.78176737 2.9547131
125.10938 -0.78006172 2.9482188
125.60938 -0.7784248 2.972549
126.10938 -0.77676272 2.9868052
126.60938 -0.77508533 2.9751341
127.10938 -0.7734158 2.989815
127.60938 -0.77175868 3.0188186
128.10938 -0.77006626 3.0143571
128.60938 -0.76837915 3.0086837
129.10938 -0.76675361 3.0373049
129.60938 -0.76504874 3.0425334
130.10938 -0.76341248 3.0360131
130.60938 -0.76175076 3.0558333
131.10938 -0.76005262 3.0753837
131.60938 -0.75844485 3.065403
132.10938 -0.75675827 3.0730102
132.60938 -0.75514328 3.0997238
133.10938 -0.75342149 3.0931983
133.60938 -0.75176287 3.0983787
134.10938 -0.75007814 3.1283202
134.60938 -0.74843925 3.1271749
135.10938 -0.7468133 3.1191101
135.60938 -0.74506086 3.1531906
136.10938 -0.74340796 3.1561258
136.60938 -0.74172068 3.1461363
137.10938 -0.74010098 3.1718888
137.60938 -0.73838174 3.1862624
138.10938 -0.73674029 3.1675451
138.60938 -0.7350834 3.1969097
139.10938 -0.73339921 3.2069576
139.60938 -0.73177677 3.1948917
140.10938 -0.7300474 3.2281518
140.60938 -0.72840536 3.2355685
141.10938 -0.72674382 3.2203562
141.60938 -0.72510421 3.2486126
142.10938 -0.72342229 3.2535956
142.60938 -0.72172105 3.2445159
143.10938 -0.72005618 3.2801201
143.60938 -0.71838635 3.2799864
144.10938 -0.71674544 3.2695081
144.60938 -0.71506929 3.3056586
145.10938 -0.71341592 3.2989953
145.60938 -0.71173239 3.3008721
146.10938 -0.71010643 3.3401403
146.60938 -0.70842791 3.3232834
147.10938 -0.7067759 3.3340969
147.60938 -0.70512772 3.3550396
148.10938 -0.70343751 3.3388684
148.60938 -0.70175743 3.3722439
149.10938 -0.70006353 3.3775642
149.60938 -0.69842321 3.3708875
150.10938 -0.69673657 3.4004071
150.60938 -0.69509745 3.392472
151.10938 -0.69344676 3.3990765
151.60938 -0.69175756 3.4288366
152.10938 -0.69012094 3.4141765
152.60938 -0.68841189 3.4284029
153.10938 -0.68677276 3.443861
153.60938 -0.68512589 3.4343266
154.10938 -0.68345159 3.4662631
154.60938 -0.68180627 3.4623311
155.10938 -0.68012875 3.46064
155.60938 -0.67842287 3.4891255
156.10938 -0.67679  3.4756832
156.60938 -0.67512071 3.4918296
157.10938 -0.67346418 3.5205946
157.60938 -0.67180723 3.5002642
158.10938 -0.67011595 3.521147
158.60938 -0.66849208 3.5359783
159.10938 -0.66680384 3.5205288
159.60938 -0.66515172 3.5567155
160.10938 -0.66346258 3.5557315
160.60938 -0.66179389 3.5436583
161.10938 -0.66016042 3.5807176
161.60938 -0.6584844 3.575923
162.10938 -0.65684903 3.5769503
162.60938 -0.65513217 3.6070998
163.10938 -0.65348256 3.5972724
163.60938 -0.65183115 3.5980494
164.10938 -0.65014571 3.6301081
164.60938 -0.64851475 3.619632
165.10938 -0.64683706 3.6287417
165.60938 -0.64518124 3.6582963
166.10938 -0.64346671 3.641674
166.60938 -0.64179844 3.6513598
167.10938 -0.6401068 3.677943
167.60938 -0.63846159 3.666117
168.10938 -0.63681662 3.6826601
168.60938 -0.63511848 3.7038403
169.10938 -0.63343537 3.6865978
169.60938 -0.63175637 3.7106609
170.10938 -0.63012278 3.7190387
170.60938 -0.6284433 3.7100413
171.10938 -0.62677962 3.7447197
171.60938 -0.62510335 3.7370083
172.10938 -0.62343591 3.7356224
172.60938 -0.62180114 3.7684309
173.10938 -0.6201297 3.7536552
173.60938 -0.61844629 3.7728705
174.10938 -0.61681652 3.7915764
174.60938 -0.61514121 3.7714224
175.10938 -0.61348873 3.8020997
175.60938 -0.61182177 3.8099616
176.10938 -0.61014897 3.802295
176.60938 -0.60850072 3.8355603
177.10938 -0.60687679 3.8270621
177.60938 -0.60518694 3.8303008
178.10938 -0.60348606 3.8615072
178.60938 -0.60175878 3.8510203
179.10938 -0.60006982 3.8616235
179.60938 -0.59840393 3.8899517
180.10938 -0.59668565 3.8686128
180.60938 -0.59497708 3.8915448
181.10938 -0.59334403 3.9057128
181.60938 -0.59169847 3.8927617
182.10938 -0.5900206 3.9206858
182.60938 -0.58829159 3.9248064
183.10938 -0.58663088 3.9154351
183.60938 -0.58498508 3.9481885
184.10938 -0.58330953 3.9430707
184.60938 -0.5816831 3.9452326
185.10938 -0.57998389 3.9794483
185.60938 -0.57832897 3.9627481
186.10938 -0.57671094 3.9771225
186.60938 -0.57501757 4.0007033
187.10938 -0.57329309 3.9834008
187.60938 -0.57164758 4.0113611
188.10938 -0.57002401 4.0202355
188.60938 -0.56839383 4.0091076
189.10938 -0.56672066 4.039238
189.60938 -0.56502134 4.0409303
190.10938 -0.56337786 4.0379138
190.60938 -0.56167746 4.0711656
191.10938 -0.56001258 4.0612974
191.60938 -0.55833334 4.0639753
192.10938 -0.55669951 4.0985055
192.60938 -0.55503625 4.0821671
193.10938 -0.55339026 4.1032548
193.60938 -0.55177969 4.1260853
194.10938 -0.55004817 4.1092844
194.60938 -0.54841685 4.1351428
195.10938 -0.54677105 4.1433811
195.60938 -0.54510278 4.1341896
196.10938 -0.54342747 4.1698232
196.60938 -0.54178733 4.1615891
197.10938 -0.54011375 4.1644506
197.60938 -0.53847951 4.1961236
198.10938 -0.53674453 4.1808729
198.60938 -0.53510165 4.2026787
199.10938 -0.53342462 4.2180476
199.60938 -0.53181833 4.2051473
200.10938 -0.5301401 4.2359948
200.60938 -0.52842802 4.2332101
201.10938 -0.52680618 4.232573
201.60938 -0.52512002 4.26648
202.10938 -0.52345806 4.2522235
202.60938 -0.52179116 4.2673044
203.10938 -0.52012038 4.2899537
203.60938 -0.51847595 4.2745385
204.10938 -0.51684445 4.3046179
204.60938 -0.51514584 4.3151369
205.10938 -0.51347995 4.3015809
205.60938 -0.5117783 4.3347592
206.10938 -0.5101732 4.3322635
206.60938 -0.50849074 4.3311882
207.10938 -0.50687975 4.3624787
207.60938 -0.50516856 4.3530383
208.10938 -0.50353169 4.3615241
208.60938 -0.5018931 4.3946457
209.10938 -0.50022942 4.3770981
209.60938 -0.49849784 4.3901248
210.10938 -0.49685031 4.4226971
210.60938 -0.49523428 4.4093695
211.10938 -0.49357924 4.4210153
211.60938 -0.49197093 4.4446454
212.10938 -0.49017283 4.4363151
212.60938 -0.48854476 4.4481769
213.10938 -0.48688799 4.4764514
213.60938 -0.48525581 4.4632154
214.10938 -0.48351726 4.4738631
214.60938 -0.48186061 4.5016623
215.10938 -0.48024732 4.4961028
215.60938 -0.47856608 4.5020761
216.10938 -0.47690475 4.5382218
216.60938 -0.47521028 4.52179
217.10938 -0.4736084 4.5277286
217.60938 -0.47190118 4.5574865
218.10938 -0.47029176 4.5537753
218.60938 -0.4685486 4.5546856
219.10938 -0.46691898 4.5891652
219.60938 -0.4651581 4.5907149
220.10938 -0.46356052 4.5811262
220.60938 -0.46185338 4.6080203
221.10938 -0.46012664 4.6273937
221.60938 -0.45847666 4.6123161
222.10938 -0.45681551 4.6273956
222.60938 -0.45513964 4.6568284
223.10938 -0.45343459 4.6605768
223.60938 -0.45177203 4.6520047
224.10938 -0.4500882 4.6820631
224.60938 -0.44847733 4.6906319
225.10938 -0.44679734 4.6798983
225.60938 -0.44509917 4.7045646
226.10938 -0.44342631 4.7295604
226.60938 -0.44181114 4.7218356
227.10938 -0.44016346 4.721271
227.60938 -0.43846163 4.7559395
228.10938 -0.43679294 4.7617712
228.60938 -0.4351477 4.7523794
229.10938 -0.43350148 4.7795677
229.60938 -0.43183026 4.7985644
230.10938 -0.43012422 4.7888074
230.60938 -0.42847344 4.7950783
231.10938 -0.42684799 4.8256607
231.60938 -0.42514738 4.8293281
232.10938 -0.4235194 4.8240323
232.60938 -0.42177379 4.8512545
233.10938 -0.42016447 4.8753448
233.60938 -0.41850829 4.8631911
234.10938 -0.41691321 4.8734512
234.60938 -0.41519681 4.9052434
235.10938 -0.41353485 4.9163256
235.60938 -0.41189015 4.9048581
236.10938 -0.41023979 4.9284706
236.60938 -0.40856299 4.956635
237.10938 -0.40687403 4.9517789
237.60938 -0.40527251 4.948843
238.10938 -0.4036155 4.9777808
238.60938 -0.402024 4.9911551
239.10938 -0.4002794 4.9855661
239.60938 -0.39862096 4.9945679
240.10938 -0.39688972 5.0310092
240.60938 -0.3952744 5.0375214
241.10938 -0.39355984 5.0265822
241.60938 -0.39188227 5.0443826
242.10938 -0.39002749 5.0958753
242.60938 -0.38556781 5.1247039
243.10938 -0.38141868 5.1385393
243.60938 -0.3772434 5.1770635
244.10938 -0.37304869 5.2225037
244.60938 -0.36889037 5.2348466
245.10938 -0.3647339 5.2525282
245.60938 -0.36058494 5.2916117
246.10938 -0.35638645 5.3357892
246.60938 -0.35227361 5.3523736
247.10938 -0.34808964 5.3723383
247.60938 -0.34389976 5.4194875
248.10938 -0.33976251 5.4645047
248.60938 -0.33559588 5.4763074
249.10938 -0.33138767 5.5051804
249.60938 -0.32722402 5.5593529
250.10938 -0.32309219 5.5837917
250.60938 -0.31893125 5.6027083
251.10938 -0.31473944 5.6467075
251.60938 -0.31056955 5.707963
252.10938 -0.30644253 5.7246165
252.60938 -0.3022323 5.7450523
253.10938 -0.29809308 5.7989244
253.60938 -0.2939325 5.8433914
254.10938 -0.28972644 5.8604422
254.60938 -0.28557792 5.8968644
255.10938 -0.2814101 5.9560218
255.60938 -0.27724057 5.9889669
256.10938 -0.27308127 6.0137887
256.60938 -0.26896584 6.0540843
257.10938 -0.26473218 6.1125908
257.60938 -0.26058266 6.1483641
258.10938 -0.25643715 6.1702323
258.60938 -0.25221765 6.2210979
259.10938 -0.24807635 6.2805948
259.60938 -0.24390249 6.3173537
260.10938 -0.23974717 6.3385377
260.60938 -0.23559323 6.3914962
261.10938 -0.2314174 6.4596944
261.60938 -0.22728732 6.4990697
262.10938 -0.2230998 6.5291762
262.60938 -0.2189211 6.583004
263.10938 -0.21473488 6.6488748
263.60938 -0.21057707 6.6962433
264.10938 -0.20642771 6.726975
264.60938 -0.20224997 6.7718611
265.10938 -0.19809608 6.8361897
265.60938 -0.19390219 6.9009366
266.10938 -0.18973307 6.9401097
266.60938 -0.18559371 6.9761715
267.10938 -0.18140946 7.0386319
267.60938 -0.17723861 7.1111603
268.10938 -0.17310557 7.1747603
268.60938 -0.16889283 7.221211
269.10938 -0.16472201 7.2700796
269.60938 -0.16060865 7.3332977
270.10938 -0.15645358 7.4084859
270.60938 -0.15226091 7.4774299
271.10938 -0.1480967 7.5318036
271.60938 -0.14390977 7.5807414
272.10938 -0.13970575 7.6417718
272.60938 -0.13562016 7.7245255
273.10938 -0.1314539 7.8054991
273.60938 -0.12727974 7.8724413
274.10938 -0.12309898 7.9303536
274.60938 -0.11889887 7.9921765
275.10938 -0.11474846 8.0750504
275.60938 -0.11058135 8.169158
276.10938 -0.10641817 8.2449532
276.60938 -0.10224244 8.3040361
277.10938 -0.098102205 8.3843842
277.60938 -0.093896493 8.4659185
278.10938 -0.089798301 8.5689135
278.60938 -0.085612312 8.6518955
279.10938 -0.081414476 8.7321434
279.60938 -0.077271171 8.8031693
280.10938 -0.073071778 8.906229
280.60938 -0.068929859 9.0143566
281.10938 -0.064768672 9.10606
281.60938 -0.06060024 9.1995001
282.10938 -0.056422625 9.2845459
282.60938 -0.052274272 9.3933001
283.10938 -0.048075914 9.5105104
283.60938 -0.043898381 9.6269541
284.10938 -0.039797269 9.7218924
284.60938 -0.035598997 9.8228388
285.10938 -0.031415623 9.9381943
285.60938 -0.027254133 10.064515
286.10938 -0.023109397 10.191002
286.60938 -0.018934414 10.287827
287.10938 -0.014762363 10.411047
287.60938 -0.01059179 10.555121
288.10938 -0.0064173425 10.696915
288.60938 -0.0022468404 10.817443
289.10938 0.0018984058 10.937928
289.60938 0.0060729031 11.080852
290.10938 0.010208935 11.238851
290.60938 0.014404364 11.388065
291.10938 0.018585654 11.513886
291.60938 0.022687746 11.662086
292.10938 0.026894344 11.831654
292.60938 0.03103436 12.008801
293.10938 0.035209052 12.148836
293.60938 0.039425679 12.300568
294.10938 0.043534793 12.481873
294.60938 0.047744695 12.66325
295.10938 0.051922213 12.825097
295.60938 0.056049712 12.997558
296.10938 0.060237303 13.190638
296.60938 0.064393327 13.372147
297.10938 0.068562768 13.544956
297.60938 0.072714761 13.729872
298.10938 0.076912418 13.942656
298.60938 0.081042126 14.127422
299.10938 0.085213542 14.303004
299.60938 0.089415282 14.527841
300.10938 0.093547188 14.738618
300.60938 0.097716317 14.922502
301.10938 0.10189164 15.122831
301.60938 0.10605086 15.353229
302.10938 0.110213  15.544104
302.60938 0.11439364 15.733605
303.10938 0.11855007 15.964729
303.60938 0.1227046 16.184059
304.10938 0.12689148 16.365963
304.60938 0.13106291 16.576414
305.10938 0.13524292 16.802614
305.60938 0.13937634 16.976871
306.10938 0.14357521 17.171598
306.60938 0.14772981 17.386147
307.10938 0.15193547 17.552454
307.60938 0.15607481 17.694782
308.10938 0.16023651 17.888008
308.60938 0.16435565 18.052618
309.10938 0.16853586 18.206102
309.60938 0.1727653 18.391705
310.10938 0.17687285 18.547991
310.60938 0.18108584 18.679361
311.10938 0.18520716 18.844736
311.60938 0.18936419 18.988131
312.10938 0.19354191 19.122932
312.60938 0.19772987 19.272804
313.10938 0.20189005 19.409191
313.60938 0.20604274 19.517731
314.10938 0.21022242 19.653284
314.60938 0.21436505 19.780268
315.10938 0.21853922 19.878901
315.60938 0.2227066 20.01545
316.10938 0.22687492 20.127113
316.60938 0.23103634 20.220221
317.10938 0.23521714 20.332989
317.60938 0.23942079 20.445618
318.10938 0.24358937 20.526577
318.60938 0.24778393 20.63814
319.10938 0.25188622 20.750505
319.60938 0.25603679 20.823278
320.10938 0.26018605 20.927612
320.60938 0.26440677 21.016151
321.10938 0.26856896 21.089796
321.60938 0.27268016 21.186905
322.10938 0.27687752 21.27331
322.60938 0.28104171 21.338329
323.10938 0.28520802 21.429607
323.60938 0.28939074 21.512611
324.10938 0.2935521 21.559309
324.60938 0.29769957 21.662697
325.10938 0.30185759 21.718134
325.60938 0.30612406 21.780807
326.10938 0.31020328 21.873095
326.60938 0.3143993 21.920115
327.10938 0.31853881 21.979584
327.60938 0.32270175 22.064674
328.10938 0.32689711 22.104757
328.60938 0.33112991 22.161566
329.10938 0.3352493 22.234043
329.60938 0.33938003 22.260162
330.10938 0.34356159 22.349672
330.60938 0.34773177 22.400991
331.10938 0.35189721 22.431955
331.60938 0.35607672 22.505928
332.10938 0.36026031 22.536243
332.60938 0.36439449 22.575876
333.10938 0.36859348 22.640366
333.60938 0.37272406 22.671324
334.10938 0.37691692 22.717997
334.60938 0.38107929 22.767918
335.10938 0.38523179 22.784569
335.60938 0.38937929 22.85216
336.10938 0.39354762 22.876379
336.60938 0.39778373 22.911816
337.10938 0.40189841 22.957333
337.60938 0.40603957 22.968229
338.10938 0.41022894 23.024595
338.60938 0.41438845 23.06633
339.10938 0.41854724 23.080828
339.60938 0.42272383 23.125233
340.10938 0.42690456 23.147879
340.60938 0.43103972 23.166185
341.10938 0.43524686 23.216906
341.60938 0.43937838 23.229185
342.10938 0.44359291 23.253574
342.60938 0.44771945 23.287523
343.10938 0.45192164 23.293421
343.60938 0.45607427 23.338991
344.10938 0.46024889 23.364052
344.60938 0.4644044 23.371706
345.10938 0.46862993 23.403698
345.60938 0.47272909 23.415249
346.10938 0.47691301 23.432203
346.60938 0.48106933 23.46361
347.10938 0.48521218 23.470755
347.60938 0.48937368 23.499477
348.10938 0.49360064 23.519855
348.60938 0.49773797 23.518677
349.10938 0.50191396 23.559992
349.60938 0.50608641 23.558527
350.10938 0.51028591 23.571125
350.60938 0.51442742 23.597395
351.10938 0.51859945 23.58923
351.60938 0.52275628 23.619385
352.10938 0.52689987 23.639593
352.60938 0.53106141 23.629333
353.10938 0.53521693 23.669958
353.60938 0.5394426 23.657801
354.10938 0.54358047 23.675776
354.60938 0.54772681 23.694271
355.10938 0.55192727 23.688745
355.60938 0.55604982 23.708529
356.10938 0.56024432 23.703793
356.60938 0.56440693 23.718996
357.10938 0.56857753 23.736715
357.60938 0.57271713 23.731337
358.10938 0.57693303 23.751125
358.60938 0.58111006 23.748281
359.10938 0.58523446 23.754595
359.60938 0.58943862 23.77342
360.10938 0.59359151 23.750706
360.60938 0.59775668 23.775587
361.10938 0.60189009 23.770248
361.60938 0.60606253 23.774742
362.10938 0.61024916 23.795904
362.60938 0.61443162 23.771542
363.10938 0.61854929 23.796017
363.60938 0.62275875 23.768278
364.10938 0.62690568 23.789583
364.60938 0.63109952 23.795078
365.10938 0.635243  23.778063
365.60938 0.6394195 23.795771
366.10938 0.64357644 23.762766
366.60938 0.64770097 23.77631
367.10938 0.65191793 23.767895
367.60938 0.65607363 23.753857
368.10938 0.66024327 23.753126
368.60938 0.66441941 23.723587
369.10938 0.6685518 23.722862
369.60938 0.67270821 23.709753
370.10938 0.6769194 23.679459
370.60938 0.68110484 23.661621
371.10938 0.68522859 23.613523
371.60938 0.68941152 23.590057
372.10938 0.69357383 23.540638
372.60938 0.69775027 23.478754
373.10938 0.70192808 23.439837
373.60938 0.70608199 23.350399
374.10938 0.71023721 23.311037
374.60938 0.71442568 23.222271
375.10938 0.71856761 23.143198
375.60938 0.72276604 23.064638
376.10938 0.72696823 22.933714
376.60938 0.73104531 22.875328
377.10938 0.73528194 22.750248
377.60938 0.73941612 22.654045
378.10938 0.74355644 22.554001
378.60938 0.74776816 22.424217
379.10938 0.75191092 22.330833
379.60938 0.75612134 22.186148
380.10938 0.76027119 22.068213
380.60938 0.76443762 21.946495
381.10938 0.76858497 21.797703
381.60938 0.77275938 21.670126
382.10938 0.77689254 21.538658
382.60938 0.78107148 21.373621
383.10938 0.78526241 21.243668
383.60938 0.78936827 21.088945
384.10938 0.79360694 20.920557
384.60938 0.79779154 20.778793
385.10938 0.80193365 20.59227
385.60938 0.80608588 20.436731
386.10938 0.81025094 20.261061
386.60938 0.8144294 20.076025
387.10938 0.81865227 19.906429
387.60938 0.82278508 19.720835
388.10938 0.8269397 19.512903
388.60938 0.83110213 19.329182
389.10938 0.83526909 19.128841
389.60938 0.83945328 18.899855
390.10938 0.84359711 18.704554
390.60938 0.84779024 18.481808
391.10938 0.85191691 18.238668
391.60938 0.85607749 18.023552
392.10938 0.86028194 17.770071
392.60938 0.86441088 17.508766
393.10938 0.86863369 17.262486
393.60938 0.87282044 -0.14345981
394.10938 0.87699431 -0.019668166
394.60938 0.88115269 -0.030928623
395.10938 0.8852973 -0.04457451
395.60938 0.88950098 -0.030318815
396.10938 0.89366597 -0.02335906
396.60938 0.89782977 -0.04322267
397.10938 0.90197748 -0.028177021

